0
4.16271e-2425
9.3029e-2206
1.72791e-2077
1.64526e-1986
5.78109e-1916
2.41832e-1858
1.21926e-1809
1.82223e-1767
2.81298e-1730
5.06702e-1697
6.00337e-1667
1.67738e-1639
2.91462e-1614
6.69253e-1591
3.6911e-1569
7.91535e-1549
9.78682e-1530
9.66961e-1512
1.00347e-1494
1.37838e-1478
3.05312e-1463
1.29237e-1448
1.21121e-1434
2.85758e-1421
1.89952e-1408
3.92938e-1396
2.76257e-1384
7.14017e-1373
7.27812e-1362
3.11637e-1351
5.9334e-1341
5.28857e-1331
2.31229e-1321
5.1747e-1312
6.16217e-1303
4.04602e-1294
1.51334e-1285
3.32274e-1277
4.40279e-1269
3.61192e-1261
1.8785e-1253
6.33123e-1246
1.41135e-1238
2.12083e-1231
2.18677e-1224
1.57295e-1217
8.01621e-1211
2.93675e-1204
7.84013e-1198
1.54486e-1191
2.27399e-1185
2.52897e-1179
2.14778e-1173
1.40704e-1167
7.17847e-1162
2.87792e-1156
9.14432e-1151
2.32147e-1145
4.74513e-1140
7.86626e-1135
1.06496e-1129
1.18522e-1124
1.09117e-1119
8.36004e-1115
5.36067e-1110
2.89259e-1105
1.32027e-1100
5.12277e-1096
1.69773e-1091
4.82757e-1087
1.18296e-1082
2.50841e-1078
4.62113e-1074
7.42475e-1070
1.04423e-1065
1.29008e-1061
1.40482e-1057
1.35277e-1053
1.15553e-1049
8.78232e-1046
5.95611e-1042
3.61457e-1038
1.96817e-1034
9.6407e-1031
4.25874e-1027
1.70071e-1023
6.15417e-1020
2.02245e-1016
6.04922e-1013
1.65025e-1009
4.11443e-1006
9.39368e-1003
1.96768e-999
3.78848e-996
6.7165e-993
1.09835e-989
1.65951e-986
2.32044e-983
3.00741e-980
3.61835e-977
4.04731e-974
4.21489e-971
4.09235e-968
3.7095e-965
3.14329e-962
2.49308e-959
1.85315e-956
1.2925e-953
8.46844e-951
5.2183e-948
3.02753e-945
1.65558e-942
8.54224e-940
4.16292e-937
1.91806e-934
8.36346e-932
3.45446e-929
1.35284e-926
5.02773e-924
1.77476e-921
5.95556e-919
1.90142e-916
5.78048e-914
1.67464e-911
4.62687e-909
1.22009e-906
3.07291e-904
7.39743e-902
1.70328e-899
3.75376e-897
7.92342e-895
1.60291e-892
3.10982e-890
5.78977e-888
1.03504e-885
1.77778e-883
2.9355e-881
4.66249e-879
7.12735e-877
1.04918e-874
1.48807e-872
2.03455e-870
2.68294e-868
3.41406e-866
4.19434e-864
4.97733e-862
5.7079e-860
6.32857e-858
6.78703e-856
7.04357e-854
7.07676e-852
6.88638e-850
6.49297e-848
5.93432e-846
5.25955e-844
4.52218e-842
3.77344e-840
3.05691e-838
2.40516e-836
1.83858e-834
1.36601e-832
9.8676e-831
6.93274e-829
4.73894e-827
3.15273e-825
2.04203e-823
1.2881e-821
7.91558e-820
4.74023e-818
2.76714e-816
1.57509e-814
8.7449e-813
4.73698e-811
2.5042e-809
1.29235e-807
6.51257e-806
3.20556e-804
1.54152e-802
7.2444e-801
3.32793e-799
1.49477e-797
6.56613e-796
2.82155e-794
1.18635e-792
4.88184e-791
1.96655e-789
7.75666e-788
2.99634e-786
1.13383e-784
4.20382e-783
1.52746e-781
5.4402e-780
1.89964e-778
6.50474e-777
2.18462e-775
7.19772e-774
2.32688e-772
7.38232e-771
2.29899e-769
7.02888e-768
2.11018e-766
6.22183e-765
1.80201e-763
5.12757e-762
1.4337e-760
3.9398e-759
1.06421e-757
2.82613e-756
7.37969e-755
1.89512e-753
4.78691e-752
1.1895e-750
2.90822e-749
6.997e-748
1.65685e-746
3.86194e-745
8.86221e-744
2.00242e-742
4.4556e-741
9.76463e-740
2.10797e-738
4.48322e-737
9.39489e-736
1.94011e-734
3.94869e-733
7.9218e-732
1.56674e-730
3.0551e-729
5.8744e-728
1.11395e-726
2.08344e-725
3.84382e-724
6.99623e-723
1.25641e-721
2.22648e-720
3.89379e-719
6.72113e-718
1.14518e-716
1.92627e-715
3.19903e-714
5.24593e-713
8.49523e-712
1.35869e-710
2.14638e-709
3.34945e-708
5.16377e-707
7.86553e-706
1.18386e-704
1.76085e-703
2.58845e-702
3.7609e-701
5.40155e-700
7.66936e-699
1.0766e-697
1.49431e-696
2.05097e-695
2.78386e-694
3.73715e-693
4.96224e-692
6.51772e-691
8.46896e-690
1.08872e-688
1.38481e-687
1.74296e-686
2.17091e-685
2.67602e-684
3.26483e-683
3.94267e-682
4.71317e-681
5.57776e-680
6.53528e-679
7.58154e-678
8.70905e-677
9.90687e-676
1.11605e-674
1.24522e-673
1.37611e-672
1.50637e-671
1.63349e-670
1.75482e-669
1.86771e-668
1.9696e-667
2.05809e-666
2.13107e-665
2.18678e-664
2.2239e-663
2.24158e-662
2.2395e-661
2.21784e-660
2.1773e-659
2.11905e-658
2.04469e-657
1.95613e-656
1.85559e-655
1.74543e-654
1.62812e-653
1.5061e-652
1.38177e-651
1.25733e-650
1.13481e-649
1.01597e-648
9.02278e-648
7.94932e-647
6.94819e-646
6.02542e-645
5.18441e-644
4.42619e-643
3.74974e-642
3.15236e-641
2.62999e-640
2.1776e-639
1.78949e-638
1.45958e-637
1.18166e-636
9.49618e-636
7.57554e-635
5.99939e-634
4.71684e-633
3.68183e-632
2.85341e-631
2.19571e-630
1.67769e-629
1.2729e-628
9.59055e-628
7.1759e-627
5.33226e-626
3.93521e-625
2.88445e-624
2.09998e-623
1.5186e-622
1.09085e-621
7.78385e-621
5.51763e-620
3.88558e-619
2.71845e-618
1.88958e-617
1.30498e-616
8.95482e-616
6.10572e-615
4.13678e-614
2.78516e-613
1.86343e-612
1.239e-611
8.18724e-611
5.37685e-610
3.50961e-609
2.27691e-608
1.46826e-607
9.41119e-607
5.99636e-606
3.79792e-605
2.39131e-604
1.49682e-603
9.31454e-603
5.76273e-602
3.54472e-601
2.1679e-600
1.31829e-599
7.97099e-599
4.79245e-598
2.86523e-597
1.70346e-596
1.00714e-595
5.92166e-595
3.46264e-594
2.01371e-593
1.16472e-592
6.70031e-592
3.83381e-591
2.18194e-590
1.23521e-589
6.95566e-589
3.89627e-588
2.17112e-587
1.20352e-586
6.63704e-586
3.64129e-585
1.9875e-584
1.07931e-583
5.83147e-583
3.13486e-582
1.67679e-581
8.92416e-581
4.72606e-580
2.49048e-579
1.30597e-578
6.81483e-578
3.53887e-577
1.82882e-576
9.40558e-576
4.81413e-575
2.45234e-574
1.24332e-573
6.27383e-573
3.15098e-572
1.57517e-571
7.83776e-571
3.88193e-570
1.91383e-569
9.39229e-569
4.58839e-568
2.23142e-567
1.08029e-566
5.20659e-566
2.49819e-565
1.19335e-564
5.67529e-564
2.68718e-563
1.26679e-562
5.94594e-562
2.77877e-561
1.29303e-560
5.99103e-560
2.764e-559
1.26977e-558
5.80868e-558
2.64605e-557
1.20032e-556
5.42235e-556
2.43934e-555
1.09286e-554
4.87603e-554
2.16667e-553
9.58847e-553
4.22615e-552
1.85519e-551
8.11122e-551
3.53222e-550
1.53208e-549
6.61903e-549
2.84836e-548
1.22093e-547
5.21305e-547
2.21719e-546
9.39365e-546
3.96453e-545
1.6668e-544
6.981e-544
2.91274e-543
1.21072e-542
5.01358e-542
2.06836e-541
8.50126e-541
3.48118e-540
1.42025e-539
5.77303e-539
2.33804e-538
9.4344e-538
3.79315e-537
1.51955e-536
6.0655e-536
2.41247e-535
9.56108e-535
3.7758e-534
1.48585e-533
5.82657e-533
2.27682e-532
8.86598e-532
3.44046e-531
1.33046e-530
5.12735e-530
1.96922e-529
7.53722e-529
2.87509e-528
1.093e-527
4.14121e-527
1.56378e-526
5.88533e-526
2.20761e-525
8.25339e-525
3.07546e-524
1.14225e-523
4.22855e-523
1.56029e-522
5.73867e-522
2.10384e-521
7.68808e-521
2.80047e-520
1.01686e-519
3.6805e-519
1.32795e-518
4.77624e-518
1.71249e-517
6.12088e-517
2.18096e-516
7.74704e-516
2.74336e-515
9.68492e-515
3.40862e-514
1.19602e-513
4.18388e-513
1.45917e-512
5.07371e-512
1.7589e-511
6.07941e-511
2.09502e-510
7.19828e-510
2.46597e-509
8.42305e-509
2.86867e-508
9.74146e-508
3.29843e-507
1.11361e-506
3.74894e-506
1.25845e-505
4.21235e-505
1.40597e-504
4.67944e-504
1.55305e-503
5.13992e-503
1.69633e-502
5.58277e-502
1.83224e-501
5.99669e-501
1.95724e-500
6.37061e-500
2.0679e-499
6.69412e-499
2.16111e-498
6.95803e-498
2.23421e-497
7.15477e-497
2.2851e-496
7.27876e-496
2.31236e-495
7.32667e-495
2.31533e-494
7.29758e-494
2.29408e-493
7.19298e-493
2.24947e-492
7.01665e-492
2.18303e-491
6.77449e-491
2.09692e-490
6.47414e-490
1.99379e-489
6.12462e-489
1.87666e-488
5.7359e-488
1.74877e-487
5.3184e-487
1.61344e-486
4.88257e-486
1.47393e-485
4.43851e-485
1.33333e-484
3.99557e-484
1.19444e-483
3.56207e-483
1.05972e-482
3.14514e-482
9.3121e-482
2.75055e-481
8.10516e-481
2.38273e-480
6.98818e-480
2.04472e-479
5.96878e-479
1.7383e-478
5.05072e-478
1.46412e-477
4.23445e-477
1.22185e-476
3.5176e-476
1.01037e-475
2.89553e-475
8.27923e-475
2.36195e-474
6.72315e-474
1.90942e-473
5.41076e-473
1.52985e-472
4.31592e-472
1.21489e-471
3.41228e-471
9.56306e-471
2.67423e-470
7.46195e-470
2.0776e-469
5.77205e-469
1.60015e-468
4.42645e-468
1.22186e-467
3.36555e-467
9.25053e-467
2.53721e-466
6.94425e-466
1.89662e-465
5.16918e-465
1.4059e-464
3.81575e-464
1.03348e-463
2.79334e-463
7.5344e-463
2.02805e-462
5.44776e-462
1.46039e-461
3.90692e-461
1.04308e-460
2.77921e-460
7.39007e-460
1.96111e-459
5.19379e-459
1.37278e-458
3.62118e-458
9.53317e-458
2.50476e-457
6.56808e-457
1.71892e-456
4.48977e-456
1.17043e-455
3.04522e-455
7.90769e-455
2.04947e-454
5.30147e-454
1.36873e-453
3.527e-453
9.07122e-453
2.32862e-452
5.96636e-452
1.5258e-451
3.89466e-451
9.92257e-451
2.52328e-450
6.40468e-450
1.62263e-449
4.10335e-449
1.03575e-448
2.60957e-448
6.56276e-448
1.64744e-447
4.12799e-447
1.03247e-446
2.57769e-446
6.42387e-446
1.59801e-445
3.96812e-445
9.83581e-445
2.43366e-444
6.01088e-444
1.48199e-443
3.64741e-443
8.96102e-443
2.19769e-442
5.38042e-442
1.31494e-441
3.20804e-441
7.81303e-441
1.89954e-440
4.61027e-440
1.11701e-439
2.70175e-439
6.52363e-439
1.57251e-438
3.78408e-438
9.09056e-438
2.18016e-437
5.2198e-437
1.24764e-436
2.97715e-436
7.09228e-436
1.68674e-435
4.0049e-435
9.49328e-435
2.2466e-434
5.30787e-434
1.252e-433
2.94834e-433
6.93176e-433
1.62706e-432
3.81296e-432
8.92112e-432
2.0839e-431
4.86002e-431
1.13163e-430
2.63074e-430
6.10604e-430
1.41499e-429
3.27386e-429
7.56281e-429
1.74431e-428
4.01681e-428
9.23553e-428
2.12014e-427
4.85953e-427
1.11212e-426
2.54118e-426
5.79765e-426
1.32069e-425
3.0039e-425
6.82193e-425
1.54692e-424
3.50242e-424
7.91794e-424
1.78731e-423
4.02842e-423
9.06605e-423
2.03728e-422
4.57126e-422
1.02418e-421
2.29124e-421
5.11826e-421
1.14165e-420
2.54277e-420
5.65513e-420
1.25587e-419
2.78491e-419
6.16661e-419
1.36349e-418
3.01044e-418
6.63715e-418
1.4612e-417
3.21228e-417
7.05174e-417
1.54582e-416
3.38381e-416
7.39668e-416
1.61456e-415
3.5193e-415
7.66038e-415
1.66508e-414
3.61419e-414
7.83397e-414
1.6957e-413
3.66534e-413
7.91185e-413
1.70547e-412
3.67122e-412
7.89192e-412
1.69418e-411
3.632e-411
7.77572e-411
1.66244e-410
3.54947e-410
7.56824e-410
1.61154e-409
3.42694e-409
7.27762e-409
1.54345e-408
3.26902e-408
6.91458e-408
1.46063e-407
3.08134e-407
6.49183e-407
1.36592e-406
2.87021e-406
6.0233e-406
1.26238e-405
2.64229e-405
5.52343e-405
1.15312e-404
2.40427e-404
5.00647e-404
1.04117e-403
2.16252e-403
4.48582e-403
9.29333e-403
1.92287e-402
3.97356e-402
8.20088e-402
1.69042e-401
3.48004e-401
7.15533e-401
1.46937e-400
3.01366e-400
6.17329e-400
1.26299e-399
2.58076e-399
5.26696e-399
1.07359e-398
2.18567e-398
4.44424e-398
9.02573e-398
1.83079e-397
3.70909e-397
7.50533e-397
1.51687e-396
3.06199e-396
6.17359e-396
1.24323e-395
2.50061e-395
5.02368e-395
1.00805e-394
2.02035e-394
4.04445e-394
8.08682e-394
1.61505e-393
3.22169e-393
6.41908e-393
1.27748e-392
2.5394e-392
5.04199e-392
9.99931e-392
1.98078e-391
3.91923e-391
7.74578e-391
1.52909e-390
3.0151e-390
5.93847e-390
1.1683e-389
2.29583e-389
4.50642e-389
8.83556e-389
1.7304e-388
3.38509e-388
6.61465e-388
1.29109e-387
2.51723e-387
4.90235e-387
9.53681e-387
1.85319e-386
3.59715e-386
6.97456e-386
1.35082e-385
2.61337e-385
5.05045e-385
9.74954e-385
1.88003e-384
3.62138e-384
6.96807e-384
1.33931e-383
2.57147e-383
4.93189e-383
9.44887e-383
1.80834e-382
3.45715e-382
6.60226e-382
1.25952e-381
2.40025e-381
4.56929e-381
8.68925e-381
1.65066e-380
3.13241e-380
5.93804e-380
1.12449e-379
2.12722e-379
4.01992e-379
7.58879e-379
1.43112e-378
2.69609e-378
5.07391e-378
9.53905e-378
1.79152e-377
3.3612e-377
6.29975e-377
1.17953e-376
2.20625e-376
4.12249e-376
7.6953e-376
1.435e-375
2.67327e-375
4.97505e-375
9.24947e-375
1.71792e-374
3.18753e-374
5.90845e-374
1.09411e-373
2.02405e-373
3.74068e-373
6.90641e-373
1.27387e-372
2.34734e-372
4.32114e-372
7.9469e-372
1.46007e-371
2.67995e-371
4.91428e-371
9.0027e-371
1.64765e-370
3.0126e-370
5.50299e-370
1.00424e-369
1.8309e-369
3.33485e-369
6.06841e-369
1.10321e-368
2.0037e-368
3.63577e-368
6.59097e-368
1.1937e-367
2.15988e-367
3.90445e-367
7.05153e-367
1.27233e-366
2.29359e-366
4.13072e-366
7.43249e-366
1.33611e-365
2.39965e-365
4.3058e-365
7.71901e-365
1.38252e-364
2.47391e-364
4.42283e-364
7.89991e-364
1.40977e-363
2.51352e-363
4.47738e-363
7.96843e-363
1.41687e-362
2.51709e-362
4.46764e-362
7.92263e-362
1.4037e-361
2.48479e-361
4.39462e-361
7.76547e-361
1.37098e-360
2.4183e-360
4.26193e-360
7.5045e-360
1.32025e-359
2.32066e-359
4.07556e-359
7.1513e-359
1.25373e-358
2.19609e-358
3.84342e-358
6.72065e-358
1.17417e-357
2.04964e-357
3.57479e-357
6.22949e-357
1.08464e-356
1.88688e-356
3.27972e-356
5.69588e-356
9.88363e-356
1.71358e-355
2.96844e-355
5.13791e-355
8.88546e-355
1.53536e-354
2.65079e-354
4.57278e-354
7.88177e-354
1.35739e-353
2.33576e-353
4.01599e-353
6.89918e-353
1.18426e-352
2.03112e-352
3.48074e-352
5.96006e-352
1.01971e-351
1.7432e-351
2.9776e-351
5.08197e-351
8.66655e-351
1.47676e-350
2.51434e-350
4.27748e-350
7.27116e-350
1.23501e-349
2.096e-349
3.5544e-349
6.02275e-349
1.01971e-348
1.72511e-348
2.91617e-348
4.92568e-348
8.31338e-348
1.402e-347
2.36252e-347
3.978e-347
6.6929e-347
1.12519e-346
1.89016e-346
3.17274e-346
5.32149e-346
8.91861e-346
1.49357e-345
2.49931e-345
4.17907e-345
6.98244e-345
1.16574e-344
1.94476e-344
3.24189e-344
5.40008e-344
8.98819e-344
1.49491e-343
2.48445e-343
4.12589e-343
6.84665e-343
1.1353e-342
1.88114e-342
3.11461e-342
5.15304e-342
8.51919e-342
1.40738e-341
2.32328e-341
3.83238e-341
6.31708e-341
1.0405e-340
1.71258e-340
2.81668e-340
4.62921e-340
7.60253e-340
1.24765e-339
2.04602e-339
3.35283e-339
5.49032e-339
8.984e-339
1.46902e-338
2.40033e-338
3.91924e-338
6.39471e-338
1.04263e-337
1.69873e-337
2.76574e-337
4.49974e-337
7.31567e-337
1.18854e-336
1.92958e-336
3.13045e-336
5.07509e-336
8.22194e-336
1.33107e-335
2.15337e-335
3.48125e-335
5.62403e-335
9.07939e-335
1.46475e-334
2.36139e-334
3.80427e-334
6.12454e-334
9.85316e-334
1.58408e-333
2.54497e-333
4.0859e-333
6.55533e-333
1.05101e-332
1.68391e-332
2.6961e-332
4.31378e-332
6.89738e-332
1.10209e-331
1.75977e-331
2.80802e-331
4.47768e-331
7.13532e-331
1.13627e-330
1.80826e-330
2.87573e-330
4.5703e-330
7.2586e-330
1.15205e-329
1.82727e-329
2.89632e-329
4.58778e-329
7.26226e-329
1.14883e-328
1.81615e-328
2.86923e-328
4.52996e-328
7.14724e-328
1.12694e-327
1.77573e-327
2.79624e-327
4.40036e-327
6.92024e-327
1.08761e-326
1.70823e-326
2.68125e-326
4.20582e-326
6.59304e-326
1.03286e-325
1.61704e-325
2.53001e-325
3.95593e-325
6.18155e-325
9.6532e-325
1.5065e-324
2.3496e-324
3.66223e-324
5.70456e-324
8.88027e-324
1.38152e-323
2.14792e-323
3.33738e-323
5.18231e-323
8.04211e-323
1.24723e-322
1.9331e-322
2.99428e-322
4.63514e-322
7.17076e-322
1.10866e-321
1.71304e-321
2.64526e-321
4.08229e-321
6.29614e-321
9.70463e-321
1.49492e-320
2.30142e-320
3.54085e-320
5.44449e-320
8.36651e-320
1.2849e-319
1.97212e-319
3.02506e-319
4.63741e-319
7.10488e-319
1.08787e-318
1.66471e-318
2.54591e-318
3.89124e-318
5.94394e-318
9.07411e-318
1.38445e-317
2.11102e-317
3.21701e-317
4.89956e-317
7.45772e-317
1.13449e-316
1.72481e-316
2.62076e-316
3.9798e-316
6.04007e-316
9.16158e-316
1.38882e-315
2.10412e-315
3.18599e-315
4.82134e-315
7.2919e-315
1.10221e-314
1.66509e-314
2.51399e-314
3.7935e-314
5.72095e-314
8.62283e-314
1.29892e-313
1.95556e-313
2.94248e-313
4.42495e-313
6.65057e-313
9.98997e-313
1.49977e-312
2.25031e-312
3.37454e-312
5.05761e-312
7.57587e-312
1.13417e-311
1.69699e-311
2.53771e-311
3.79282e-311
5.66555e-311
8.45828e-311
1.26207e-310
1.8821e-310
2.8052e-310
4.17875e-310
6.22144e-310
9.25759e-310
1.37679e-309
2.04645e-309
3.04016e-309
4.51395e-309
6.69856e-309
9.93506e-309
1.47274e-308
2.18195e-308
3.23095e-308
4.7817e-308
7.07296e-308
1.04565e-307
1.54504e-307
2.28172e-307
3.36784e-307
4.96832e-307
7.3255e-307
1.07953e-306
1.59001e-306
2.34066e-306
3.44387e-306
5.06437e-306
7.44347e-306
1.09345e-305
1.60543e-305
2.35591e-305
3.45541e-305
5.06539e-305
7.42165e-305
1.08683e-304
1.59073e-304
2.32707e-304
3.40247e-304
4.97229e-304
7.26264e-304
1.06025e-303
1.54704e-303
2.25615e-303
3.28863e-303
4.79113e-303
6.97654e-303
1.01536e-302
1.477e-302
2.14744e-302
3.12061e-302
4.5325e-302
6.57988e-302
9.54725e-302
1.38459e-301
2.00698e-301
2.90769e-301
4.21053e-301
6.09406e-301
8.81576e-301
1.27467e-300
1.84212e-300
2.66086e-300
3.84159e-300
5.54351e-300
7.99547e-300
1.15263e-299
1.66081e-299
2.39186e-299
3.44301e-299
4.95369e-299
7.12372e-299
1.02393e-298
1.47104e-298
2.11235e-298
3.03177e-298
4.34927e-298
6.23626e-298
8.93764e-298
1.2803e-297
1.83312e-297
2.62337e-297
3.75249e-297
5.36502e-297
7.66682e-297
1.09509e-296
1.56343e-296
2.231e-296
3.1821e-296
4.53651e-296
6.46432e-296
9.207e-296
1.31071e-295
1.86506e-295
2.6526e-295
3.77092e-295
5.35819e-295
7.61e-295
1.08031e-294
1.53288e-294
2.17403e-294
3.0819e-294
4.36688e-294
6.18474e-294
8.75528e-294
1.23884e-293
1.75212e-293
2.4769e-293
3.49988e-293
4.94309e-293
6.9782e-293
9.84667e-293
1.38879e-292
1.95787e-292
2.75888e-292
3.88584e-292
5.47064e-292
7.69829e-292
1.08281e-291
1.52235e-291
2.13934e-291
3.00503e-291
4.21912e-291
5.92105e-291
8.30578e-291
1.16457e-290
1.63215e-290
2.28642e-290
3.20155e-290
4.48095e-290
6.26882e-290
8.76615e-290
1.22529e-289
1.71189e-289
2.39068e-289
3.33713e-289
4.65623e-289
6.49388e-289
9.0528e-289
1.26145e-288
1.75698e-288
2.4461e-288
3.40402e-288
4.73499e-288
6.5835e-288
9.14967e-288
1.27106e-287
1.76497e-287
2.44974e-287
3.39872e-287
4.71329e-287
6.53347e-287
9.05269e-287
1.25379e-286
1.73574e-286
2.40192e-286
3.32236e-286
4.59355e-286
6.34842e-286
8.76997e-286
1.211e-285
1.67151e-285
2.30615e-285
3.1804e-285
4.38422e-285
6.04116e-285
8.32079e-285
1.14558e-284
1.57654e-284
2.16872e-284
2.98207e-284
4.09874e-284
5.63122e-284
7.73345e-284
1.06161e-283
1.45671e-283
1.99803e-283
2.73937e-283
3.75422e-283
5.14291e-283
7.04237e-283
9.6394e-283
1.31887e-282
1.80375e-282
2.46588e-282
3.3697e-282
4.6029e-282
6.28484e-282
8.57788e-282
1.17028e-281
1.59596e-281
2.17559e-281
2.96454e-281
4.03796e-281
5.49782e-281
7.48246e-281
1.01794e-280
1.38429e-280
1.88172e-280
2.55688e-280
3.4729e-280
4.71519e-280
6.39931e-280
8.68147e-280
1.17728e-279
1.59586e-279
2.16241e-279
2.92893e-279
3.96559e-279
5.36703e-279
7.26089e-279
9.81915e-279
1.32735e-278
1.79362e-278
2.42271e-278
3.27117e-278
4.41505e-278
5.9566e-278
8.03325e-278
1.08297e-277
1.45938e-277
1.96588e-277
2.64712e-277
3.56306e-277
4.79407e-277
6.44791e-277
8.66892e-277
1.16505e-276
1.56515e-276
2.10185e-276
2.82151e-276
3.78612e-276
5.07856e-276
6.8096e-276
9.12719e-276
1.22289e-275
1.63784e-275
2.19277e-275
2.9346e-275
3.92591e-275
5.2501e-275
7.01828e-275
9.37844e-275
1.25276e-274
1.67279e-274
2.23281e-274
2.97919e-274
3.9736e-274
5.29794e-274
7.06103e-274
9.40734e-274
1.25287e-273
1.66794e-273
2.21971e-273
2.95292e-273
3.92685e-273
5.22009e-273
6.93668e-273
9.21436e-273
1.22354e-272
1.6241e-272
2.155e-272
2.85841e-272
3.79002e-272
5.02342e-272
6.6558e-272
8.8154e-272
1.16715e-271
1.54473e-271
2.04372e-271
2.70292e-271
3.57346e-271
4.72266e-271
6.23919e-271
8.23974e-271
1.08778e-270
1.43554e-270
1.89379e-270
2.49744e-270
3.29232e-270
4.33863e-270
5.71544e-270
7.52648e-270
9.90786e-270
1.30381e-269
1.71511e-269
2.25538e-269
2.96477e-269
3.89592e-269
5.11772e-269
6.72031e-269
8.82165e-269
1.1576e-268
1.51849e-268
1.99121e-268
2.61017e-268
3.42034e-268
4.48041e-268
5.86699e-268
7.68e-268
1.00498e-267
1.31463e-267
1.71908e-267
2.2472e-267
2.93654e-267
3.83602e-267
5.00929e-267
6.53917e-267
8.53334e-267
1.11318e-266
1.45166e-266
1.89242e-266
2.46615e-266
3.21272e-266
4.18389e-266
5.44676e-266
7.08842e-266
9.22175e-266
1.19931e-265
1.55919e-265
2.02639e-265
2.63269e-265
3.41924e-265
4.43929e-265
5.76171e-265
7.47556e-265
9.69595e-265
1.25716e-264
1.62948e-264
2.11135e-264
2.73481e-264
3.54119e-264
4.58381e-264
5.93145e-264
7.67274e-264
9.92194e-264
1.28262e-263
1.65752e-263
2.14128e-263
2.76533e-263
3.57007e-263
4.60749e-263
5.94442e-263
7.66677e-263
9.88492e-263
1.27407e-262
1.64161e-262
2.11449e-262
2.7227e-262
3.50472e-262
4.50989e-262
5.80147e-262
7.46052e-262
9.59092e-262
1.23257e-261
1.58351e-261
2.03373e-261
2.61111e-261
3.35133e-261
4.30001e-261
5.51548e-261
7.07227e-261
9.06557e-261
1.1617e-260
1.48817e-260
1.90578e-260
2.43982e-260
3.1225e-260
3.99495e-260
5.10954e-260
6.53304e-260
8.35049e-260
1.06702e-259
1.363e-259
1.74053e-259
2.22194e-259
2.8356e-259
3.61763e-259
4.61388e-259
5.88265e-259
7.49797e-259
9.55388e-259
1.21697e-258
1.5497e-258
1.97278e-258
2.51059e-258
3.19402e-258
4.06224e-258
5.16488e-258
6.56479e-258
8.34156e-258
1.0596e-257
1.34555e-257
1.70815e-257
2.16781e-257
2.75031e-257
3.48827e-257
4.42289e-257
5.60621e-257
7.10397e-257
8.99913e-257
1.13964e-256
1.44279e-256
1.82604e-256
2.31038e-256
2.9223e-256
3.69519e-256
4.67108e-256
5.90292e-256
7.45738e-256
9.41837e-256
1.18915e-255
1.50094e-255
1.89393e-255
2.3891e-255
3.01283e-255
3.79827e-255
4.78705e-255
6.03144e-255
7.59706e-255
9.56624e-255
1.20423e-254
1.51547e-254
1.9066e-254
2.39796e-254
3.01507e-254
3.78987e-254
4.76239e-254
5.9827e-254
7.51351e-254
9.43326e-254
1.18401e-253
1.48566e-253
1.86362e-253
2.33706e-253
2.92992e-253
3.67212e-253
4.60098e-253
5.76314e-253
7.21676e-253
9.03441e-253
1.13066e-252
1.41462e-252
1.76938e-252
2.21248e-252
2.76575e-252
3.45638e-252
4.31823e-252
5.39344e-252
6.73445e-252
8.40649e-252
1.04907e-251
1.30879e-251
1.63234e-251
2.0353e-251
2.53702e-251
3.16153e-251
3.93865e-251
4.9054e-251
6.10772e-251
7.60259e-251
9.46068e-251
1.17696e-250
1.46378e-250
1.82e-250
2.26228e-250
2.81124e-250
3.49243e-250
4.33749e-250
5.38551e-250
6.6849e-250
8.29549e-250
1.02913e-249
1.27637e-249
1.58257e-249
1.96168e-249
2.43094e-249
3.01162e-249
3.72999e-249
4.61844e-249
5.71694e-249
7.07478e-249
8.75271e-249
1.08256e-248
1.33859e-248
1.6547e-248
2.04492e-248
2.52646e-248
3.12056e-248
3.8533e-248
4.75681e-248
5.87059e-248
7.24318e-248
8.93429e-248
1.10172e-247
1.35822e-247
1.67397e-247
2.06258e-247
2.54071e-247
3.12885e-247
3.8521e-247
4.74126e-247
5.83409e-247
7.17691e-247
8.82644e-247
1.08522e-246
1.33394e-246
1.63922e-246
2.01383e-246
2.47339e-246
3.03703e-246
3.72812e-246
4.57526e-246
5.61342e-246
6.88533e-246
8.44321e-246
1.03509e-245
1.26862e-245
1.55443e-245
1.90414e-245
2.33191e-245
2.85503e-245
3.4946e-245
4.27632e-245
5.23154e-245
6.39848e-245
7.82367e-245
9.56383e-245
1.1688e-244
1.42803e-244
1.7443e-244
2.13006e-244
2.60047e-244
3.17395e-244
3.8729e-244
4.72456e-244
5.76201e-244
7.02547e-244
8.56378e-244
1.04363e-243
1.27149e-243
1.54871e-243
1.88589e-243
2.2959e-243
2.79434e-243
3.40012e-243
4.13618e-243
5.0303e-243
6.11617e-243
7.43455e-243
9.03483e-243
1.09768e-242
1.33328e-242
1.61905e-242
1.96557e-242
2.38565e-242
2.89479e-242
3.51171e-242
4.25904e-242
5.16412e-242
6.25996e-242
7.58646e-242
9.19176e-242
1.1134e-241
1.34832e-241
1.63241e-241
1.97587e-241
2.39099e-241
2.89262e-241
3.49862e-241
4.23054e-241
5.11432e-241
6.1812e-241
7.4688e-241
9.0224e-241
1.08965e-240
1.31567e-240
1.58817e-240
1.91666e-240
2.31251e-240
2.78945e-240
3.36393e-240
4.05573e-240
4.88862e-240
5.89113e-240
7.09749e-240
8.54882e-240
1.02944e-239
1.23935e-239
1.4917e-239
1.79499e-239
2.15943e-239
2.59724e-239
3.12306e-239
3.75444e-239
4.51237e-239
5.42202e-239
6.51348e-239
7.8228e-239
9.39306e-239
1.12758e-238
1.35328e-238
1.62376e-238
1.94784e-238
2.33605e-238
2.80096e-238
3.35761e-238
4.02393e-238
4.82135e-238
5.77542e-238
6.91666e-238
8.28147e-238
9.91325e-238
1.18638e-237
1.41947e-237
1.69797e-237
2.03064e-237
2.42791e-237
2.90222e-237
3.46839e-237
4.14404e-237
4.95016e-237
5.91171e-237
7.0584e-237
8.42556e-237
1.00552e-236
1.19973e-236
1.43111e-236
1.70673e-236
2.03495e-236
2.42575e-236
2.89092e-236
3.44451e-236
4.10316e-236
4.88663e-236
5.81838e-236
6.92619e-236
8.24305e-236
9.80805e-236
1.16675e-235
1.38763e-235
1.64995e-235
1.96142e-235
2.33115e-235
2.76996e-235
3.29061e-235
3.90824e-235
4.64075e-235
5.50931e-235
6.53896e-235
7.75929e-235
9.20529e-235
1.09183e-234
1.29472e-234
1.53497e-234
1.81938e-234
2.15602e-234
2.55437e-234
3.02565e-234
3.58308e-234
4.24226e-234
5.0216e-234
5.94278e-234
7.03139e-234
8.31756e-234
9.83682e-234
1.1631e-233
1.37494e-233
1.62501e-233
1.92013e-233
2.26835e-233
2.67912e-233
3.1636e-233
3.73486e-233
4.40831e-233
5.20205e-233
6.13736e-233
7.23926e-233
8.53712e-233
1.00655e-232
1.18649e-232
1.39829e-232
1.64754e-232
1.9408e-232
2.28576e-232
2.69146e-232
3.16847e-232
3.72923e-232
4.38827e-232
5.16267e-232
6.07242e-232
7.14095e-232
8.39569e-232
9.86879e-232
1.15979e-231
1.3627e-231
1.60076e-231
1.88002e-231
2.20752e-231
2.59151e-231
3.04166e-231
3.56923e-231
4.18742e-231
4.91163e-231
5.75988e-231
6.75319e-231
7.91612e-231
9.27734e-231
1.08703e-230
1.27342e-230
1.49145e-230
1.74643e-230
2.04459e-230
2.39314e-230
2.80052e-230
3.27656e-230
3.83272e-230
4.48234e-230
5.24097e-230
6.12671e-230
7.16066e-230
8.36735e-230
9.77536e-230
1.14179e-229
1.33337e-229
1.55677e-229
1.81722e-229
2.12081e-229
2.47461e-229
2.88682e-229
3.36701e-229
3.92627e-229
4.57747e-229
5.33558e-229
6.21796e-229
7.24479e-229
8.43945e-229
9.8291e-229
1.14452e-228
1.33243e-228
1.55088e-228
1.80478e-228
2.09981e-228
2.44257e-228
2.8407e-228
3.30306e-228
3.83989e-228
4.46307e-228
5.18633e-228
6.02558e-228
6.99922e-228
8.12855e-228
9.43819e-228
1.09566e-227
1.27168e-227
1.47567e-227
1.71205e-227
1.98589e-227
2.30307e-227
2.67038e-227
3.09564e-227
3.58791e-227
4.15763e-227
4.81686e-227
5.5795e-227
6.4616e-227
7.48168e-227
8.66107e-227
1.00244e-226
1.16e-226
1.34206e-226
1.55239e-226
1.79533e-226
2.07587e-226
2.39978e-226
2.77368e-226
3.20521e-226
3.70316e-226
4.27762e-226
4.94022e-226
5.70434e-226
6.58537e-226
7.60098e-226
8.77151e-226
1.01203e-225
1.16743e-225
1.34642e-225
1.55255e-225
1.7899e-225
2.06313e-225
2.3776e-225
2.73948e-225
3.15583e-225
3.63476e-225
4.18555e-225
4.81888e-225
5.54698e-225
6.38385e-225
7.34557e-225
8.45055e-225
9.71988e-225
1.11777e-224
1.28518e-224
1.47737e-224
1.69798e-224
1.95116e-224
2.24167e-224
2.57494e-224
2.95719e-224
3.39554e-224
3.89813e-224
4.47426e-224
5.13456e-224
5.8912e-224
6.75806e-224
7.751e-224
8.88816e-224
1.01902e-223
1.16808e-223
1.3387e-223
1.53395e-223
1.75734e-223
2.01289e-223
2.30516e-223
2.63938e-223
3.0215e-223
3.45829e-223
3.95748e-223
4.52788e-223
5.17954e-223
5.92387e-223
6.77391e-223
7.74449e-223
8.8525e-223
1.01171e-222
1.15603e-222
1.32069e-222
1.50853e-222
1.72276e-222
1.96705e-222
2.24556e-222
2.56305e-222
2.92488e-222
3.33717e-222
3.80689e-222
4.34193e-222
4.95125e-222
5.64505e-222
6.43489e-222
7.33391e-222
8.357e-222
9.52109e-222
1.08453e-221
1.23515e-221
1.40644e-221
1.60118e-221
1.82256e-221
2.07417e-221
2.36009e-221
2.68493e-221
3.05394e-221
3.47304e-221
3.94893e-221
4.48923e-221
5.10253e-221
5.79858e-221
6.5884e-221
7.48445e-221
8.50085e-221
9.65355e-221
1.09606e-220
1.24424e-220
1.4122e-220
1.60254e-220
1.81822e-220
2.06256e-220
2.33931e-220
2.65274e-220
3.00762e-220
3.40937e-220
3.8641e-220
4.37871e-220
4.96097e-220
5.61967e-220
6.36471e-220
7.20725e-220
8.15989e-220
9.23682e-220
1.0454e-219
1.18296e-219
1.33838e-219
1.51395e-219
1.71226e-219
1.93621e-219
2.18906e-219
2.4745e-219
2.79667e-219
3.16024e-219
3.57045e-219
4.03321e-219
4.55515e-219
5.14375e-219
5.80739e-219
6.55553e-219
7.39876e-219
8.34901e-219
9.41968e-219
1.06258e-218
1.19843e-218
1.35142e-218
1.52368e-218
1.71759e-218
1.93586e-218
2.18148e-218
2.45785e-218
2.76876e-218
3.11847e-218
3.51174e-218
3.95394e-218
4.45105e-218
5.00982e-218
5.63777e-218
6.34335e-218
7.13603e-218
8.0264e-218
9.02633e-218
1.01491e-217
1.14096e-217
1.28245e-217
1.44125e-217
1.61943e-217
1.81933e-217
2.04357e-217
2.29506e-217
2.57707e-217
2.89324e-217
3.24765e-217
3.64487e-217
4.08999e-217
4.5887e-217
5.14736e-217
5.77307e-217
6.47377e-217
7.2583e-217
8.13655e-217
9.11955e-217
1.02196e-216
1.14505e-216
1.28275e-216
1.43676e-216
1.60901e-216
1.80161e-216
2.01693e-216
2.2576e-216
2.52659e-216
2.82715e-216
3.16295e-216
3.53806e-216
3.957e-216
4.42482e-216
4.94713e-216
5.5302e-216
6.18098e-216
6.90721e-216
7.7175e-216
8.62145e-216
9.6297e-216
1.07541e-215
1.20079e-215
1.34056e-215
1.49636e-215
1.67e-215
1.86349e-215
2.07905e-215
2.31918e-215
2.58662e-215
2.88444e-215
3.21603e-215
3.58516e-215
3.99602e-215
4.45324e-215
4.96199e-215
5.52796e-215
6.1575e-215
6.85764e-215
7.63616e-215
8.50171e-215
9.46385e-215
1.05332e-214
1.17215e-214
1.30418e-214
1.45085e-214
1.61376e-214
1.79467e-214
1.99555e-214
2.21856e-214
2.4661e-214
2.74083e-214
3.04569e-214
3.38391e-214
3.75911e-214
4.17524e-214
4.63671e-214
5.14838e-214
5.71561e-214
6.34433e-214
7.04112e-214
7.8132e-214
8.66858e-214
9.61611e-214
1.06655e-213
1.18277e-213
1.31143e-213
1.45387e-213
1.61153e-213
1.78601e-213
1.97907e-213
2.19266e-213
2.42892e-213
2.69022e-213
2.97917e-213
3.29865e-213
3.65182e-213
4.04217e-213
4.47357e-213
4.95024e-213
5.47686e-213
6.05856e-213
6.70102e-213
7.41047e-213
8.19377e-213
9.05848e-213
1.00129e-212
1.10662e-212
1.22284e-212
1.35107e-212
1.4925e-212
1.6485e-212
1.82052e-212
2.01019e-212
2.21927e-212
2.44974e-212
2.70372e-212
2.98359e-212
3.29192e-212
3.63157e-212
4.00566e-212
4.41762e-212
4.87121e-212
5.37055e-212
5.9202e-212
6.52511e-212
7.19076e-212
7.92311e-212
8.72874e-212
9.61485e-212
1.05893e-211
1.16608e-211
1.28388e-211
1.41337e-211
1.55568e-211
1.71207e-211
1.8839e-211
2.07266e-211
2.28e-211
2.50771e-211
2.75775e-211
3.03228e-211
3.33363e-211
3.66439e-211
4.02738e-211
4.42566e-211
4.86261e-211
5.34192e-211
5.86761e-211
6.44407e-211
7.07613e-211
7.76905e-211
8.52856e-211
9.36094e-211
1.02731e-210
1.12724e-210
1.23672e-210
1.35662e-210
1.48794e-210
1.63173e-210
1.78915e-210
1.96148e-210
2.15008e-210
2.35649e-210
2.58233e-210
2.8294e-210
3.09966e-210
3.39525e-210
3.71848e-210
4.0719e-210
4.45826e-210
4.88058e-210
5.34213e-210
5.84648e-210
6.39753e-210
6.99951e-210
7.65703e-210
8.37511e-210
9.15922e-210
1.00153e-209
1.09498e-209
1.19699e-209
1.3083e-209
1.42977e-209
1.56228e-209
1.70684e-209
1.8645e-209
2.03644e-209
2.22392e-209
2.42832e-209
2.65112e-209
2.89395e-209
3.15858e-209
3.44692e-209
3.76104e-209
4.10322e-209
4.47589e-209
4.88171e-209
5.32359e-209
5.80464e-209
6.32827e-209
6.89816e-209
7.51832e-209
8.19308e-209
8.92715e-209
9.72562e-209
1.0594e-208
1.15384e-208
1.25651e-208
1.36813e-208
1.48946e-208
1.62132e-208
1.76461e-208
1.9203e-208
2.08943e-208
2.27314e-208
2.47265e-208
2.68931e-208
2.92455e-208
3.17992e-208
3.45712e-208
3.75795e-208
4.0844e-208
4.4386e-208
4.82285e-208
5.23964e-208
5.69166e-208
6.18183e-208
6.71329e-208
7.28944e-208
7.91395e-208
8.59079e-208
9.32424e-208
1.01189e-207
1.09798e-207
1.19123e-207
1.29223e-207
1.4016e-207
1.52002e-207
1.64821e-207
1.78698e-207
1.93716e-207
2.09969e-207
2.27554e-207
2.46578e-207
2.67156e-207
2.89413e-207
3.13482e-207
3.39506e-207
3.67641e-207
3.98054e-207
4.30925e-207
4.66448e-207
5.04831e-207
5.46299e-207
5.91094e-207
6.39476e-207
6.91725e-207
7.48144e-207
8.09056e-207
8.7481e-207
9.45782e-207
1.02237e-206
1.10502e-206
1.19419e-206
1.29039e-206
1.39415e-206
1.50605e-206
1.62671e-206
1.75681e-206
1.89707e-206
2.04825e-206
2.21118e-206
2.38677e-206
2.57595e-206
2.77976e-206
2.9993e-206
3.23576e-206
3.49039e-206
3.76457e-206
4.05975e-206
4.37751e-206
4.71951e-206
5.08757e-206
5.48361e-206
5.90971e-206
6.36809e-206
6.86112e-206
7.39136e-206
7.96154e-206
8.57458e-206
9.23363e-206
9.94203e-206
1.07034e-205
1.15216e-205
1.24007e-205
1.33451e-205
1.43597e-205
1.54493e-205
1.66195e-205
1.7876e-205
1.9225e-205
2.06732e-205
2.22275e-205
2.38957e-205
2.56858e-205
2.76064e-205
2.96668e-205
3.18769e-205
3.42472e-205
3.67891e-205
3.95146e-205
4.24366e-205
4.55688e-205
4.89259e-205
5.25237e-205
5.63789e-205
6.05093e-205
6.4934e-205
6.96734e-205
7.47493e-205
8.01848e-205
8.60045e-205
9.2235e-205
9.89044e-205
1.06043e-204
1.13681e-204
1.21855e-204
1.306e-204
1.39955e-204
1.49962e-204
1.60663e-204
1.72106e-204
1.84342e-204
1.97422e-204
2.11404e-204
2.26347e-204
2.42317e-204
2.59381e-204
2.77612e-204
2.97087e-204
3.17889e-204
3.40104e-204
3.63827e-204
3.89156e-204
4.16197e-204
4.45061e-204
4.75868e-204
5.08744e-204
5.43824e-204
5.8125e-204
6.21176e-204
6.63762e-204
7.0918e-204
7.57611e-204
8.09251e-204
8.64303e-204
9.22987e-204
9.85534e-204
1.05219e-203
1.12322e-203
1.19889e-203
1.2795e-203
1.36537e-203
1.45682e-203
1.55421e-203
1.65791e-203
1.7683e-203
1.88582e-203
2.0109e-203
2.14402e-203
2.28567e-203
2.43638e-203
2.59671e-203
2.76726e-203
2.94865e-203
3.14155e-203
3.34667e-203
3.56474e-203
3.79657e-203
4.04298e-203
4.30486e-203
4.58316e-203
4.87886e-203
5.19301e-203
5.52672e-203
5.88116e-203
6.25759e-203
6.65731e-203
7.08172e-203
7.53227e-203
8.01053e-203
8.51814e-203
9.05683e-203
9.62843e-203
1.02349e-202
1.08782e-202
1.15607e-202
1.22844e-202
1.30519e-202
1.38658e-202
1.47286e-202
1.56432e-202
1.66127e-202
1.76402e-202
1.8729e-202
1.98826e-202
2.11048e-202
2.23995e-202
2.37708e-202
2.52231e-202
2.67609e-202
2.83892e-202
3.01129e-202
3.19376e-202
3.38689e-202
3.59127e-202
3.80754e-202
4.03636e-202
4.27843e-202
4.53449e-202
4.80531e-202
5.09171e-202
5.39455e-202
5.71473e-202
6.05321e-202
6.41099e-202
6.78913e-202
7.18873e-202
7.61097e-202
8.05708e-202
8.52834e-202
9.02612e-202
9.55185e-202
1.0107e-201
1.06932e-201
1.13121e-201
1.19655e-201
1.26551e-201
1.33829e-201
1.41509e-201
1.49613e-201
1.58163e-201
1.67182e-201
1.76695e-201
1.86729e-201
1.97309e-201
2.08464e-201
2.20226e-201
2.32624e-201
2.45692e-201
2.59465e-201
2.73978e-201
2.8927e-201
3.05381e-201
3.22352e-201
3.40228e-201
3.59055e-201
3.7888e-201
3.99754e-201
4.21731e-201
4.44865e-201
4.69215e-201
4.94842e-201
5.2181e-201
5.50185e-201
5.80038e-201
6.11441e-201
6.44472e-201
6.79211e-201
7.15742e-201
7.54153e-201
7.94536e-201
8.36987e-201
8.81608e-201
9.28503e-201
9.77783e-201
1.02956e-200
1.08396e-200
1.14111e-200
1.20114e-200
1.26418e-200
1.33039e-200
1.3999e-200
1.47289e-200
1.5495e-200
1.62992e-200
1.71433e-200
1.8029e-200
1.89584e-200
1.99336e-200
2.09565e-200
2.20295e-200
2.31549e-200
2.43351e-200
2.55726e-200
2.68701e-200
2.82303e-200
2.96561e-200
3.11505e-200
3.27165e-200
3.43576e-200
3.6077e-200
3.78783e-200
3.97651e-200
4.17414e-200
4.38111e-200
4.59784e-200
4.82477e-200
5.06234e-200
5.31103e-200
5.57133e-200
5.84375e-200
6.12883e-200
6.42711e-200
6.73918e-200
7.06563e-200
7.40709e-200
7.76421e-200
8.13767e-200
8.52817e-200
8.93644e-200
9.36324e-200
9.80937e-200
1.02756e-199
1.07629e-199
1.12721e-199
1.18041e-199
1.23599e-199
1.29404e-199
1.35467e-199
1.418e-199
1.48412e-199
1.55317e-199
1.62525e-199
1.70049e-199
1.77903e-199
1.86099e-199
1.94652e-199
2.03577e-199
2.12888e-199
2.22602e-199
2.32734e-199
2.43301e-199
2.54321e-199
2.65811e-199
2.77792e-199
2.90282e-199
3.03301e-199
3.1687e-199
3.31011e-199
3.45747e-199
3.61101e-199
3.77097e-199
3.9376e-199
4.11116e-199
4.29192e-199
4.48015e-199
4.67615e-199
4.88021e-199
5.09264e-199
5.31375e-199
5.54389e-199
5.78339e-199
6.0326e-199
6.2919e-199
6.56165e-199
6.84226e-199
7.13412e-199
7.43765e-199
7.75329e-199
8.08148e-199
8.42269e-199
8.77739e-199
9.14608e-199
9.52927e-199
9.92748e-199
1.03413e-198
1.07712e-198
1.12178e-198
1.16817e-198
1.21636e-198
1.2664e-198
1.31837e-198
1.37233e-198
1.42834e-198
1.48649e-198
1.54685e-198
1.6095e-198
1.67451e-198
1.74197e-198
1.81196e-198
1.88457e-198
1.95988e-198
2.038e-198
2.11902e-198
2.20303e-198
2.29014e-198
2.38044e-198
2.47406e-198
2.5711e-198
2.67167e-198
2.7759e-198
2.88389e-198
2.99579e-198
3.1117e-198
3.23178e-198
3.35615e-198
3.48495e-198
3.61833e-198
3.75644e-198
3.89942e-198
4.04744e-198
4.20065e-198
4.35922e-198
4.52332e-198
4.69313e-198
4.86882e-198
5.05058e-198
5.2386e-198
5.43307e-198
5.6342e-198
5.84219e-198
6.05725e-198
6.2796e-198
6.50945e-198
6.74705e-198
6.99262e-198
7.24641e-198
7.50866e-198
7.77963e-198
8.05957e-198
8.34875e-198
8.64745e-198
8.95595e-198
9.27453e-198
9.60349e-198
9.94314e-198
1.02938e-197
1.06557e-197
1.10293e-197
1.14149e-197
1.18127e-197
1.22232e-197
1.26468e-197
1.30837e-197
1.35344e-197
1.39993e-197
1.44787e-197
1.4973e-197
1.54827e-197
1.60081e-197
1.65498e-197
1.71081e-197
1.76836e-197
1.82766e-197
1.88876e-197
1.95172e-197
2.01658e-197
2.08339e-197
2.1522e-197
2.22307e-197
2.29605e-197
2.3712e-197
2.44856e-197
2.52821e-197
2.61019e-197
2.69458e-197
2.78141e-197
2.87077e-197
2.96272e-197
3.05731e-197
3.15462e-197
3.25471e-197
3.35765e-197
3.46352e-197
3.57238e-197
3.6843e-197
3.79937e-197
3.91766e-197
4.03924e-197
4.16419e-197
4.29259e-197
4.42454e-197
4.5601e-197
4.69936e-197
4.84241e-197
4.98934e-197
5.14024e-197
5.2952e-197
5.45431e-197
5.61766e-197
5.78536e-197
5.95749e-197
6.13417e-197
6.31548e-197
6.50153e-197
6.69244e-197
6.88829e-197
7.0892e-197
7.29528e-197
7.50665e-197
7.7234e-197
7.94567e-197
8.17356e-197
8.40719e-197
8.64669e-197
8.89217e-197
9.14376e-197
9.40158e-197
9.66576e-197
9.93644e-197
1.02137e-196
1.04978e-196
1.07887e-196
1.10867e-196
1.13918e-196
1.17042e-196
1.20241e-196
1.23516e-196
1.26868e-196
1.30299e-196
1.3381e-196
1.37403e-196
1.41079e-196
1.4484e-196
1.48687e-196
1.52623e-196
1.56648e-196
1.60765e-196
1.64974e-196
1.69278e-196
1.73678e-196
1.78177e-196
1.82774e-196
1.87473e-196
1.92275e-196
1.97182e-196
2.02196e-196
2.07318e-196
2.1255e-196
2.17894e-196
2.23352e-196
2.28925e-196
2.34616e-196
2.40427e-196
2.46359e-196
2.52414e-196
2.58595e-196
2.64902e-196
2.71339e-196
2.77906e-196
2.84607e-196
2.91443e-196
2.98415e-196
3.05527e-196
3.12779e-196
3.20175e-196
3.27716e-196
3.35404e-196
3.43241e-196
3.51229e-196
3.59371e-196
3.67669e-196
3.76123e-196
3.84738e-196
3.93514e-196
4.02454e-196
4.1156e-196
4.20834e-196
4.30279e-196
4.39896e-196
4.49687e-196
4.59655e-196
4.69801e-196
4.80129e-196
4.90639e-196
5.01335e-196
5.12218e-196
5.2329e-196
5.34554e-196
5.46012e-196
5.57665e-196
5.69517e-196
5.81568e-196
5.93821e-196
6.06279e-196
6.18942e-196
6.31814e-196
6.44897e-196
6.58192e-196
6.71701e-196
6.85427e-196
6.99371e-196
7.13536e-196
7.27923e-196
7.42535e-196
7.57373e-196
7.72439e-196
7.87736e-196
8.03264e-196
8.19027e-196
8.35025e-196
8.51261e-196
8.67736e-196
8.84452e-196
9.01411e-196
9.18615e-196
9.36065e-196
9.53763e-196
9.7171e-196
9.89909e-196
1.00836e-195
1.02706e-195
1.04603e-195
1.06524e-195
1.08472e-195
1.10446e-195
1.12445e-195
1.14471e-195
1.16524e-195
1.18602e-195
1.20708e-195
1.2284e-195
1.24999e-195
1.27185e-195
1.29398e-195
1.31638e-195
1.33905e-195
1.36199e-195
1.38521e-195
1.4087e-195
1.43247e-195
1.45651e-195
1.48083e-195
1.50543e-195
1.5303e-195
1.55545e-195
1.58087e-195
1.60658e-195
1.63256e-195
1.65882e-195
1.68536e-195
1.71217e-195
1.73927e-195
1.76664e-195
1.79429e-195
1.82221e-195
1.85042e-195
1.8789e-195
1.90765e-195
1.93668e-195
1.96598e-195
1.99556e-195
2.02541e-195
2.05554e-195
2.08593e-195
2.1166e-195
2.14753e-195
2.17873e-195
2.21019e-195
2.24193e-195
2.27392e-195
2.30618e-195
2.33869e-195
2.37147e-195
2.4045e-195
2.43779e-195
2.47133e-195
2.50512e-195
2.53916e-195
2.57344e-195
2.60797e-195
2.64274e-195
2.67775e-195
2.713e-195
2.74848e-195
2.78419e-195
2.82013e-195
2.85629e-195
2.89268e-195
2.92929e-195
2.96611e-195
3.00314e-195
3.04039e-195
3.07784e-195
3.11549e-195
3.15334e-195
3.19138e-195
3.22962e-195
3.26804e-195
3.30665e-195
3.34544e-195
3.3844e-195
3.42353e-195
3.46282e-195
3.50228e-195
3.5419e-195
3.58167e-195
3.62159e-195
3.66165e-195
3.70185e-195
3.74218e-195
3.78264e-195
3.82322e-195
3.86393e-195
3.90474e-195
3.94566e-195
3.98669e-195
4.02781e-195
4.06903e-195
4.11032e-195
4.1517e-195
4.19316e-195
4.23468e-195
4.27626e-195
4.3179e-195
4.35959e-195
4.40133e-195
4.4431e-195
4.48491e-195
4.52674e-195
4.56859e-195
4.61045e-195
4.65232e-195
4.69419e-195
4.73605e-195
4.7779e-195
4.81973e-195
4.86154e-195
4.90331e-195
4.94504e-195
4.98672e-195
5.02835e-195
5.06992e-195
5.11142e-195
5.15285e-195
5.19419e-195
5.23545e-195
5.27661e-195
5.31767e-195
5.35862e-195
5.39945e-195
5.44015e-195
5.48073e-195
5.52116e-195
5.56145e-195
5.60159e-195
5.64157e-195
5.68138e-195
5.72101e-195
5.76046e-195
5.79972e-195
5.83879e-195
5.87765e-195
5.9163e-195
5.95474e-195
5.99294e-195
6.03092e-195
6.06865e-195
6.10614e-195
6.14337e-195
6.18034e-195
6.21704e-195
6.25347e-195
6.28961e-195
6.32547e-195
6.36103e-195
6.39628e-195
6.43122e-195
6.46585e-195
6.50015e-195
6.53412e-195
6.56775e-195
6.60104e-195
6.63398e-195
6.66656e-195
6.69877e-195
6.73062e-195
6.76208e-195
6.79317e-195
6.82386e-195
6.85416e-195
6.88405e-195
6.91354e-195
6.94261e-195
6.97126e-195
6.99949e-195
7.02729e-195
7.05464e-195
7.08156e-195
7.10802e-195
7.13403e-195
7.15959e-195
7.18467e-195
7.20929e-195
7.23344e-195
7.2571e-195
7.28028e-195
7.30297e-195
7.32516e-195
7.34686e-195
7.36805e-195
7.38874e-195
7.40892e-195
7.42857e-195
7.44771e-195
7.46633e-195
7.48442e-195
7.50197e-195
7.51899e-195
7.53548e-195
7.55142e-195
7.56682e-195
7.58167e-195
7.59597e-195
7.60971e-195
7.6229e-195
7.63553e-195
7.6476e-195
7.6591e-195
7.67004e-195
7.68041e-195
7.69021e-195
7.69944e-195
7.70809e-195
7.71617e-195
7.72367e-195
7.7306e-195
7.73694e-195
7.74271e-195
7.74789e-195
7.75249e-195
7.75651e-195
7.75994e-195
7.7628e-195
7.76507e-195
7.76675e-195
7.76785e-195
7.76837e-195
7.7683e-195
7.76765e-195
7.76641e-195
7.7646e-195
7.7622e-195
7.75923e-195
7.75567e-195
7.75154e-195
7.74682e-195
7.74154e-195
7.73568e-195
7.72924e-195
7.72224e-195
7.71467e-195
7.70653e-195
7.69783e-195
7.68856e-195
7.67874e-195
7.66836e-195
7.65742e-195
7.64594e-195
7.6339e-195
7.62132e-195
7.6082e-195
7.59454e-195
7.58034e-195
7.56561e-195
7.55035e-195
7.53456e-195
7.51825e-195
7.50143e-195
7.48409e-195
7.46624e-195
7.44789e-195
7.42903e-195
7.40968e-195
7.38984e-195
7.36951e-195
7.3487e-195
7.3274e-195
7.30564e-195
7.28341e-195
7.26071e-195
7.23755e-195
7.21394e-195
7.18989e-195
7.16539e-195
7.14045e-195
7.11509e-195
7.08929e-195
7.06308e-195
7.03645e-195
7.00941e-195
6.98197e-195
6.95413e-195
6.9259e-195
6.89728e-195
6.86829e-195
6.83892e-195
6.80918e-195
6.77908e-195
6.74863e-195
6.71783e-195
6.68669e-195
6.65521e-195
6.6234e-195
6.59127e-195
6.55883e-195
6.52607e-195
6.49301e-195
6.45966e-195
6.42601e-195
6.39208e-195
6.35787e-195
6.32339e-195
6.28865e-195
6.25366e-195
6.21841e-195
6.18292e-195
6.14719e-195
6.11123e-195
6.07505e-195
6.03865e-195
6.00204e-195
5.96523e-195
5.92823e-195
5.89103e-195
5.85365e-195
5.8161e-195
5.77837e-195
5.74048e-195
5.70244e-195
5.66425e-195
5.62591e-195
5.58744e-195
5.54884e-195
5.51011e-195
5.47127e-195
5.43232e-195
5.39327e-195
5.35412e-195
5.31488e-195
5.27555e-195
5.23615e-195
5.19667e-195
5.15714e-195
5.11754e-195
5.07789e-195
5.03819e-195
4.99845e-195
4.95868e-195
4.91888e-195
4.87906e-195
4.83922e-195
4.79938e-195
4.75952e-195
4.71967e-195
4.67983e-195
4.64e-195
4.60018e-195
4.56039e-195
4.52064e-195
4.48091e-195
4.44123e-195
4.40159e-195
4.362e-195
4.32247e-195
4.283e-195
4.24359e-195
4.20426e-195
4.165e-195
4.12583e-195
4.08674e-195
4.04774e-195
4.00883e-195
3.97003e-195
3.93133e-195
3.89274e-195
3.85426e-195
3.8159e-195
3.77766e-195
3.73955e-195
3.70157e-195
3.66372e-195
3.62601e-195
3.58844e-195
3.55102e-195
3.51375e-195
3.47663e-195
3.43967e-195
3.40287e-195
3.36623e-195
3.32976e-195
3.29345e-195
3.25733e-195
3.22138e-195
3.1856e-195
3.15002e-195
3.11461e-195
3.0794e-195
3.04438e-195
3.00955e-195
2.97491e-195
2.94048e-195
2.90625e-195
2.87222e-195
2.8384e-195
2.80478e-195
2.77138e-195
2.73819e-195
2.70521e-195
2.67246e-195
2.63991e-195
2.60759e-195
2.5755e-195
2.54362e-195
2.51197e-195
2.48055e-195
2.44936e-195
2.4184e-195
2.38766e-195
2.35716e-195
2.3269e-195
2.29686e-195
2.26707e-195
2.23751e-195
2.20819e-195
2.1791e-195
2.15026e-195
2.12166e-195
2.09329e-195
2.06517e-195
2.03729e-195
2.00965e-195
1.98226e-195
1.95511e-195
1.9282e-195
1.90154e-195
1.87512e-195
1.84895e-195
1.82302e-195
1.79733e-195
1.77189e-195
1.74669e-195
1.72174e-195
1.69703e-195
1.67257e-195
1.64835e-195
1.62437e-195
1.60063e-195
1.57714e-195
1.55389e-195
1.53089e-195
1.50812e-195
1.4856e-195
1.46331e-195
1.44127e-195
1.41946e-195
1.3979e-195
1.37656e-195
1.35547e-195
1.33461e-195
1.31399e-195
1.2936e-195
1.27345e-195
1.25352e-195
1.23383e-195
1.21437e-195
1.19513e-195
1.17613e-195
1.15735e-195
1.1388e-195
1.12047e-195
1.10236e-195
1.08448e-195
1.06682e-195
1.04937e-195
1.03215e-195
1.01514e-195
9.9835e-196
9.81772e-196
9.65407e-196
9.49253e-196
9.33309e-196
9.17574e-196
9.02046e-196
8.86723e-196
8.71604e-196
8.56688e-196
8.41973e-196
8.27458e-196
8.1314e-196
7.99019e-196
7.85092e-196
7.71359e-196
7.57817e-196
7.44465e-196
7.31302e-196
7.18325e-196
7.05534e-196
6.92926e-196
6.80499e-196
6.68253e-196
6.56185e-196
6.44294e-196
6.32578e-196
6.21036e-196
6.09665e-196
5.98464e-196
5.87432e-196
5.76567e-196
5.65866e-196
5.55329e-196
5.44953e-196
5.34737e-196
5.2468e-196
5.14779e-196
5.05033e-196
4.9544e-196
4.85998e-196
4.76706e-196
4.67563e-196
4.58565e-196
4.49713e-196
4.41003e-196
4.32435e-196
4.24007e-196
4.15717e-196
4.07563e-196
3.99544e-196
3.91658e-196
3.83904e-196
3.76279e-196
3.68783e-196
3.61414e-196
3.54169e-196
3.47048e-196
3.40049e-196
3.3317e-196
3.2641e-196
3.19768e-196
3.1324e-196
3.06827e-196
3.00526e-196
2.94337e-196
2.88257e-196
2.82285e-196
2.76419e-196
2.70659e-196
2.65002e-196
2.59447e-196
2.53993e-196
2.48638e-196
2.43381e-196
2.3822e-196
2.33154e-196
2.28182e-196
2.23302e-196
2.18513e-196
2.13813e-196
2.09202e-196
2.04677e-196
2.00238e-196
1.95883e-196
1.91611e-196
1.8742e-196
1.8331e-196
1.79279e-196
1.75326e-196
1.7145e-196
1.67649e-196
1.63922e-196
1.60268e-196
1.56686e-196
1.53174e-196
1.49733e-196
1.46359e-196
1.43053e-196
1.39813e-196
1.36638e-196
1.33527e-196
1.30479e-196
1.27492e-196
1.24567e-196
1.21701e-196
1.18893e-196
1.16144e-196
1.13451e-196
1.10814e-196
1.08231e-196
1.05703e-196
1.03227e-196
1.00803e-196
9.843e-197
9.6107e-197
9.38332e-197
9.16076e-197
8.94294e-197
8.72977e-197
8.52117e-197
8.31705e-197
8.11733e-197
7.92192e-197
7.73076e-197
7.54376e-197
7.36083e-197
7.18191e-197
7.00692e-197
6.83578e-197
6.66842e-197
6.50476e-197
6.34474e-197
6.18829e-197
6.03533e-197
5.88581e-197
5.73964e-197
5.59677e-197
5.45713e-197
5.32065e-197
5.18728e-197
5.05695e-197
4.9296e-197
4.80517e-197
4.6836e-197
4.56483e-197
4.44882e-197
4.33549e-197
4.2248e-197
4.11669e-197
4.01111e-197
3.908e-197
3.80732e-197
3.70901e-197
3.61303e-197
3.51933e-197
3.42785e-197
3.33855e-197
3.25138e-197
3.16631e-197
3.08327e-197
3.00224e-197
2.92317e-197
2.84601e-197
2.77072e-197
2.69727e-197
2.62561e-197
2.5557e-197
2.48751e-197
2.42099e-197
2.35612e-197
2.29285e-197
2.23115e-197
2.17098e-197
2.11231e-197
2.0551e-197
1.99933e-197
1.94496e-197
1.89195e-197
1.84029e-197
1.78992e-197
1.74084e-197
1.693e-197
1.64638e-197
1.60096e-197
1.55669e-197
1.51356e-197
1.47154e-197
1.4306e-197
1.39073e-197
1.35188e-197
1.31404e-197
1.27719e-197
1.2413e-197
1.20635e-197
1.17232e-197
1.13917e-197
1.10691e-197
1.07549e-197
1.04491e-197
1.01513e-197
9.8615e-198
9.5794e-198
9.30484e-198
9.03762e-198
8.77758e-198
8.52452e-198
8.27829e-198
8.0387e-198
7.8056e-198
7.57883e-198
7.35822e-198
7.14362e-198
6.93489e-198
6.73186e-198
6.53441e-198
6.34239e-198
6.15566e-198
5.97408e-198
5.79753e-198
5.62588e-198
5.45899e-198
5.29676e-198
5.13905e-198
4.98576e-198
4.83676e-198
4.69195e-198
4.55121e-198
4.41445e-198
4.28155e-198
4.15242e-198
4.02695e-198
3.90505e-198
3.78663e-198
3.6716e-198
3.55985e-198
3.45131e-198
3.34589e-198
3.24351e-198
3.14408e-198
3.04753e-198
2.95378e-198
2.86275e-198
2.77437e-198
2.68857e-198
2.60527e-198
2.52441e-198
2.44593e-198
2.36975e-198
2.29581e-198
2.22406e-198
2.15443e-198
2.08686e-198
2.0213e-198
1.95768e-198
1.89597e-198
1.83609e-198
1.77801e-198
1.72167e-198
1.66702e-198
1.61402e-198
1.56261e-198
1.51276e-198
1.46441e-198
1.41753e-198
1.37208e-198
1.32801e-198
1.28528e-198
1.24386e-198
1.20371e-198
1.16479e-198
1.12706e-198
1.0905e-198
1.05506e-198
1.02072e-198
9.87443e-199
9.55197e-199
9.23953e-199
8.93682e-199
8.64354e-199
8.35943e-199
8.08421e-199
7.81762e-199
7.55941e-199
7.30932e-199
7.06711e-199
6.83256e-199
6.60543e-199
6.38549e-199
6.17254e-199
5.96637e-199
5.76676e-199
5.57353e-199
5.38648e-199
5.20542e-199
5.03017e-199
4.86055e-199
4.6964e-199
4.53754e-199
4.38382e-199
4.23507e-199
4.09115e-199
3.9519e-199
3.81718e-199
3.68686e-199
3.56079e-199
3.43885e-199
3.3209e-199
3.20682e-199
3.09649e-199
2.98979e-199
2.88662e-199
2.78685e-199
2.69039e-199
2.59713e-199
2.50696e-199
2.41979e-199
2.33553e-199
2.25407e-199
2.17535e-199
2.09925e-199
2.02571e-199
1.95465e-199
1.88597e-199
1.81961e-199
1.75548e-199
1.69353e-199
1.63368e-199
1.57585e-199
1.51999e-199
1.46603e-199
1.41392e-199
1.36358e-199
1.31496e-199
1.26801e-199
1.22267e-199
1.17889e-199
1.13661e-199
1.09579e-199
1.05638e-199
1.01834e-199
9.8161e-200
9.46157e-200
9.11935e-200
8.78904e-200
8.47024e-200
8.16257e-200
7.86566e-200
7.57915e-200
7.30268e-200
7.03592e-200
6.77855e-200
6.53025e-200
6.29071e-200
6.05963e-200
5.83673e-200
5.62174e-200
5.41437e-200
5.21438e-200
5.02152e-200
4.83552e-200
4.65618e-200
4.48324e-200
4.31651e-200
4.15575e-200
4.00077e-200
3.85137e-200
3.70735e-200
3.56853e-200
3.43473e-200
3.30577e-200
3.18148e-200
3.06171e-200
2.94629e-200
2.83507e-200
2.72791e-200
2.62466e-200
2.52519e-200
2.42936e-200
2.33704e-200
2.24812e-200
2.16246e-200
2.07996e-200
2.00051e-200
1.92398e-200
1.85029e-200
1.77933e-200
1.711e-200
1.64521e-200
1.58187e-200
1.52088e-200
1.46218e-200
1.40566e-200
1.35126e-200
1.2989e-200
1.2485e-200
1.19999e-200
1.15331e-200
1.10839e-200
1.06516e-200
1.02357e-200
9.83545e-201
9.4504e-201
9.07995e-201
8.72358e-201
8.38076e-201
8.05099e-201
7.73381e-201
7.42873e-201
7.13533e-201
6.85316e-201
6.58181e-201
6.32087e-201
6.06997e-201
5.82874e-201
5.5968e-201
5.37381e-201
5.15945e-201
4.95338e-201
4.7553e-201
4.5649e-201
4.38191e-201
4.20603e-201
4.03701e-201
3.87459e-201
3.7185e-201
3.56853e-201
3.42443e-201
3.28597e-201
3.15296e-201
3.02518e-201
2.90243e-201
2.78451e-201
2.67125e-201
2.56247e-201
2.458e-201
2.35766e-201
2.2613e-201
2.16878e-201
2.07993e-201
1.99462e-201
1.91271e-201
1.83408e-201
1.75859e-201
1.68612e-201
1.61655e-201
1.54978e-201
1.48569e-201
1.42418e-201
1.36515e-201
1.30849e-201
1.25413e-201
1.20196e-201
1.15191e-201
1.10388e-201
1.05781e-201
1.0136e-201
9.71197e-202
9.30519e-202
8.915e-202
8.54074e-202
8.18179e-202
7.83753e-202
7.50738e-202
7.19077e-202
6.88718e-202
6.59607e-202
6.31695e-202
6.04934e-202
5.79278e-202
5.54683e-202
5.31105e-202
5.08504e-202
4.86841e-202
4.66077e-202
4.46177e-202
4.27105e-202
4.08828e-202
3.91314e-202
3.74531e-202
3.58451e-202
3.43044e-202
3.28283e-202
3.14141e-202
3.00594e-202
2.87617e-202
2.75186e-202
2.6328e-202
2.51876e-202
2.40955e-202
2.30495e-202
2.20479e-202
2.10888e-202
2.01704e-202
1.9291e-202
1.84491e-202
1.7643e-202
1.68713e-202
1.61326e-202
1.54255e-202
1.47487e-202
1.41008e-202
1.34808e-202
1.28874e-202
1.23195e-202
1.1776e-202
1.1256e-202
1.07584e-202
1.02823e-202
9.82681e-203
9.39103e-203
8.97413e-203
8.57532e-203
8.19384e-203
7.82895e-203
7.47994e-203
7.14614e-203
6.8269e-203
6.52161e-203
6.22967e-203
5.95051e-203
5.68358e-203
5.42836e-203
5.18436e-203
4.95108e-203
4.72806e-203
4.51488e-203
4.3111e-203
4.11631e-203
3.93014e-203
3.75221e-203
3.58215e-203
3.41965e-203
3.26435e-203
3.11596e-203
2.97417e-203
2.83869e-203
2.70926e-203
2.5856e-203
2.46747e-203
2.35462e-203
2.24683e-203
2.14387e-203
2.04552e-203
1.9516e-203
1.8619e-203
1.77623e-203
1.69443e-203
1.61632e-203
1.54173e-203
1.47051e-203
1.40252e-203
1.33761e-203
1.27564e-203
1.21648e-203
1.16002e-203
1.10612e-203
1.05467e-203
1.00557e-203
9.5871e-204
9.13989e-204
8.71314e-204
8.30591e-204
7.91734e-204
7.54659e-204
7.19286e-204
6.85539e-204
6.53344e-204
6.22631e-204
5.93334e-204
5.65389e-204
5.38734e-204
5.13312e-204
4.89067e-204
4.65944e-204
4.43894e-204
4.22867e-204
4.02817e-204
3.837e-204
3.65473e-204
3.48095e-204
3.31528e-204
3.15735e-204
3.0068e-204
2.86329e-204
2.72651e-204
2.59613e-204
2.47188e-204
2.35346e-204
2.24061e-204
2.13307e-204
2.03059e-204
1.93295e-204
1.83992e-204
1.75129e-204
1.66684e-204
1.5864e-204
1.50976e-204
1.43676e-204
1.36723e-204
1.301e-204
1.23792e-204
1.17784e-204
1.12063e-204
1.06615e-204
1.01427e-204
9.64868e-205
9.1783e-205
8.73045e-205
8.30407e-205
7.89814e-205
7.51171e-205
7.14385e-205
6.79369e-205
6.4604e-205
6.14318e-205
5.84126e-205
5.55392e-205
5.28047e-205
5.02026e-205
4.77264e-205
4.53703e-205
4.31286e-205
4.09957e-205
3.89665e-205
3.7036e-205
3.51995e-205
3.34526e-205
3.17909e-205
3.02104e-205
2.87071e-205
2.72774e-205
2.59177e-205
2.46246e-205
2.3395e-205
2.22257e-205
2.1114e-205
2.00569e-205
1.90519e-205
1.80964e-205
1.7188e-205
1.63245e-205
1.55037e-205
1.47235e-205
1.39819e-205
1.3277e-205
1.26071e-205
1.19705e-205
1.13655e-205
1.07905e-205
1.02442e-205
9.72514e-206
9.23193e-206
8.76334e-206
8.31816e-206
7.89523e-206
7.49347e-206
7.11183e-206
6.74932e-206
6.405e-206
6.07797e-206
5.76737e-206
5.4724e-206
5.19229e-206
4.92628e-206
4.6737e-206
4.43386e-206
4.20615e-206
3.98995e-206
3.78469e-206
3.58983e-206
3.40484e-206
3.22925e-206
3.06257e-206
2.90437e-206
2.75421e-206
2.6117e-206
2.47646e-206
2.34811e-206
2.22631e-206
2.11074e-206
2.00108e-206
1.89702e-206
1.7983e-206
1.70464e-206
1.61579e-206
1.5315e-206
1.45154e-206
1.3757e-206
1.30376e-206
1.23552e-206
1.17081e-206
1.10943e-206
1.05123e-206
9.96036e-207
9.43697e-207
8.94069e-207
8.47013e-207
8.02399e-207
7.601e-207
7.19999e-207
6.81984e-207
6.45947e-207
6.11788e-207
5.79409e-207
5.48719e-207
5.19632e-207
4.92065e-207
4.6594e-207
4.41183e-207
4.17723e-207
3.95492e-207
3.74429e-207
3.54471e-207
3.35563e-207
3.17649e-207
3.00678e-207
2.84601e-207
2.69372e-207
2.54947e-207
2.41284e-207
2.28343e-207
2.16086e-207
2.04479e-207
1.93486e-207
1.83076e-207
1.73219e-207
1.63886e-207
1.55048e-207
1.46681e-207
1.38759e-207
1.31259e-207
1.2416e-207
1.17439e-207
1.11077e-207
1.05055e-207
9.93551e-208
9.39605e-208
8.88549e-208
8.40231e-208
7.94506e-208
7.51237e-208
7.10293e-208
6.71552e-208
6.34896e-208
6.00215e-208
5.67404e-208
5.36363e-208
5.06998e-208
4.79221e-208
4.52945e-208
4.28092e-208
4.04585e-208
3.82352e-208
3.61325e-208
3.4144e-208
3.22635e-208
3.04853e-208
2.88039e-208
2.7214e-208
2.57108e-208
2.42895e-208
2.29458e-208
2.16756e-208
2.04747e-208
1.93396e-208
1.82666e-208
1.72524e-208
1.62938e-208
1.53879e-208
1.45316e-208
1.37225e-208
1.29578e-208
1.22352e-208
1.15524e-208
1.09073e-208
1.02977e-208
9.72179e-209
9.1777e-209
8.66369e-209
8.17811e-209
7.71943e-209
7.28616e-209
6.87691e-209
6.49037e-209
6.1253e-209
5.78052e-209
5.45492e-209
5.14743e-209
4.85707e-209
4.5829e-209
4.32402e-209
4.07959e-209
3.84881e-209
3.63094e-209
3.42525e-209
3.23108e-209
3.04779e-209
2.87477e-209
2.71146e-209
2.55732e-209
2.41184e-209
2.27454e-209
2.14496e-209
2.02269e-209
1.9073e-209
1.79842e-209
1.69568e-209
1.59875e-209
1.50729e-209
1.421e-209
1.3396e-209
1.26281e-209
1.19037e-209
1.12204e-209
1.05759e-209
9.96794e-210
9.39456e-210
8.8538e-210
8.34381e-210
7.86287e-210
7.40934e-210
6.98168e-210
6.57843e-210
6.19821e-210
5.83972e-210
5.50174e-210
5.1831e-210
4.88271e-210
4.59954e-210
4.33262e-210
4.08101e-210
3.84385e-210
3.62033e-210
3.40966e-210
3.21112e-210
3.02401e-210
2.84769e-210
2.68154e-210
2.52497e-210
2.37745e-210
2.23846e-210
2.1075e-210
1.98412e-210
1.86789e-210
1.7584e-210
1.65525e-210
1.55809e-210
1.46658e-210
1.38038e-210
1.29919e-210
1.22273e-210
1.15072e-210
1.08291e-210
1.01905e-210
9.58922e-211
9.02301e-211
8.48989e-211
7.98793e-211
7.51535e-211
7.07043e-211
6.65158e-211
6.25729e-211
5.88613e-211
5.53675e-211
5.2079e-211
4.89839e-211
4.60708e-211
4.33291e-211
4.0749e-211
3.83209e-211
3.6036e-211
3.3886e-211
3.1863e-211
2.99595e-211
2.81686e-211
2.64836e-211
2.48985e-211
2.34072e-211
2.20044e-211
2.06848e-211
1.94436e-211
1.82761e-211
1.7178e-211
1.61452e-211
1.51739e-211
1.42605e-211
1.34015e-211
1.25937e-211
1.18341e-211
1.112e-211
1.04484e-211
9.81707e-212
9.22349e-212
8.66545e-212
8.14084e-212
7.64768e-212
7.18411e-212
6.74836e-212
6.33879e-212
5.95384e-212
5.59204e-212
5.25201e-212
4.93246e-212
4.63217e-212
4.34998e-212
4.08483e-212
3.83568e-212
3.60158e-212
3.38163e-212
3.17499e-212
2.98086e-212
2.79848e-212
2.62716e-212
2.46622e-212
2.31506e-212
2.17307e-212
2.03971e-212
1.91445e-212
1.79682e-212
1.68635e-212
1.5826e-212
1.48518e-212
1.3937e-212
1.30781e-212
1.22715e-212
1.15143e-212
1.08034e-212
1.01359e-212
9.50933e-213
8.92112e-213
8.36897e-213
7.85067e-213
7.36419e-213
6.90757e-213
6.47901e-213
6.0768e-213
5.69933e-213
5.3451e-213
5.01268e-213
4.70076e-213
4.40807e-213
4.13344e-213
3.87576e-213
3.63401e-213
3.4072e-213
3.19442e-213
2.99481e-213
2.80757e-213
2.63192e-213
2.46717e-213
2.31264e-213
2.16771e-213
2.03178e-213
1.90429e-213
1.78474e-213
1.67262e-213
1.56749e-213
1.46891e-213
1.37647e-213
1.2898e-213
1.20854e-213
1.13236e-213
1.06093e-213
9.93976e-214
9.31208e-214
8.7237e-214
8.17217e-214
7.65522e-214
7.17068e-214
6.71655e-214
6.29094e-214
5.89207e-214
5.51827e-214
5.16799e-214
4.83975e-214
4.53218e-214
4.244e-214
3.97398e-214
3.721e-214
3.48399e-214
3.26195e-214
3.05394e-214
2.85909e-214
2.67656e-214
2.50559e-214
2.34545e-214
2.19546e-214
2.05498e-214
1.92342e-214
1.80021e-214
1.68483e-214
1.57678e-214
1.4756e-214
1.38087e-214
1.29216e-214
1.20911e-214
1.13135e-214
1.05855e-214
9.90399e-215
9.26599e-215
8.66875e-215
8.1097e-215
7.58641e-215
7.09662e-215
6.63819e-215
6.20914e-215
5.80759e-215
5.43181e-215
5.08015e-215
4.75107e-215
4.44314e-215
4.15501e-215
3.88541e-215
3.63317e-215
3.39717e-215
3.17638e-215
2.96983e-215
2.77661e-215
2.59585e-215
2.42677e-215
2.26862e-215
2.12069e-215
1.98234e-215
1.85294e-215
1.73192e-215
1.61874e-215
1.5129e-215
1.41393e-215
1.32138e-215
1.23485e-215
1.15393e-215
1.07828e-215
1.00755e-215
9.41424e-216
8.79604e-216
8.21812e-216
7.67789e-216
7.17289e-216
6.70086e-216
6.25965e-216
5.84728e-216
5.46186e-216
5.10166e-216
4.76503e-216
4.45045e-216
4.15648e-216
3.88178e-216
3.6251e-216
3.38526e-216
3.16118e-216
2.95181e-216
2.75621e-216
2.57347e-216
2.40276e-216
2.24329e-216
2.09432e-216
1.95518e-216
1.82521e-216
1.70381e-216
1.59043e-216
1.48454e-216
1.38565e-216
1.2933e-216
1.20705e-216
1.12652e-216
1.05132e-216
9.81104e-217
9.15543e-217
8.54331e-217
7.97182e-217
7.43828e-217
6.9402e-217
6.47522e-217
6.04117e-217
5.63601e-217
5.25783e-217
4.90484e-217
4.57538e-217
4.26789e-217
3.98092e-217
3.7131e-217
3.46318e-217
3.22995e-217
3.01233e-217
2.80926e-217
2.61978e-217
2.44299e-217
2.27805e-217
2.12417e-217
1.98061e-217
1.84668e-217
1.72175e-217
1.60521e-217
1.4965e-217
1.3951e-217
1.30052e-217
1.21232e-217
1.13005e-217
1.05333e-217
9.81775e-218
9.15052e-218
8.52831e-218
7.94813e-218
7.40714e-218
6.90272e-218
6.43241e-218
5.99393e-218
5.58514e-218
5.20403e-218
4.84876e-218
4.51757e-218
4.20885e-218
3.92108e-218
3.65286e-218
3.40286e-218
3.16985e-218
2.95269e-218
2.75031e-218
2.5617e-218
2.38595e-218
2.22217e-218
2.06955e-218
1.92735e-218
1.79486e-218
1.67141e-218
1.55639e-218
1.44924e-218
1.34942e-218
1.25642e-218
1.16979e-218
1.0891e-218
1.01394e-218
9.43924e-219
8.78715e-219
8.17982e-219
7.61418e-219
7.0874e-219
6.59683e-219
6.13999e-219
5.71459e-219
5.31846e-219
4.94962e-219
4.60619e-219
4.28643e-219
3.98873e-219
3.71157e-219
3.45354e-219
3.21334e-219
2.98973e-219
2.78159e-219
2.58784e-219
2.40751e-219
2.23965e-219
2.08343e-219
1.93804e-219
1.80272e-219
1.6768e-219
1.55961e-219
1.45056e-219
1.34909e-219
1.25467e-219
1.16682e-219
1.08508e-219
1.00903e-219
9.3828e-220
8.72458e-220
8.11224e-220
7.54261e-220
7.01272e-220
6.51983e-220
6.06137e-220
5.63495e-220
5.23833e-220
4.86947e-220
4.52641e-220
4.20737e-220
3.91068e-220
3.63479e-220
3.37824e-220
3.13968e-220
2.91787e-220
2.71163e-220
2.51988e-220
2.3416e-220
2.17587e-220
2.02179e-220
1.87855e-220
1.7454e-220
1.62164e-220
1.50659e-220
1.39966e-220
1.30027e-220
1.20789e-220
1.12204e-220
1.04226e-220
9.6811e-221
8.99206e-221
8.35177e-221
7.75681e-221
7.20397e-221
6.6903e-221
6.21304e-221
5.76962e-221
5.35766e-221
4.97494e-221
4.61939e-221
4.28911e-221
3.9823e-221
3.69731e-221
3.4326e-221
3.18672e-221
2.95836e-221
2.74626e-221
2.54928e-221
2.36635e-221
2.19646e-221
2.0387e-221
1.89221e-221
1.75618e-221
1.62988e-221
1.5126e-221
1.40372e-221
1.30262e-221
1.20877e-221
1.12164e-221
1.04075e-221
9.65664e-222
8.95964e-222
8.31265e-222
7.71211e-222
7.15472e-222
6.63737e-222
6.15723e-222
5.71162e-222
5.29807e-222
4.9143e-222
4.55817e-222
4.2277e-222
3.92105e-222
3.63652e-222
3.37253e-222
3.12758e-222
2.90033e-222
2.6895e-222
2.49391e-222
2.31246e-222
2.14414e-222
1.988e-222
1.84317e-222
1.70883e-222
1.58423e-222
1.46867e-222
1.36148e-222
1.26208e-222
1.16989e-222
1.0844e-222
1.00513e-222
9.31613e-223
8.63447e-223
8.00241e-223
7.41636e-223
6.873e-223
6.36922e-223
5.90218e-223
5.46919e-223
5.06779e-223
4.6957e-223
4.35077e-223
4.03105e-223
3.73469e-223
3.46e-223
3.20541e-223
2.96945e-223
2.75076e-223
2.5481e-223
2.36028e-223
2.18624e-223
2.02496e-223
1.87551e-223
1.73703e-223
1.60873e-223
1.48985e-223
1.37971e-223
1.27767e-223
1.18313e-223
1.09555e-223
1.01442e-223
9.3927e-224
8.69655e-224
8.05172e-224
7.45446e-224
6.90126e-224
6.3889e-224
5.91439e-224
5.47493e-224
5.06795e-224
4.69106e-224
4.34206e-224
4.01889e-224
3.71965e-224
3.44257e-224
3.18602e-224
2.94849e-224
2.72858e-224
2.52499e-224
2.33651e-224
2.16203e-224
2.0005e-224
1.85099e-224
1.71259e-224
1.58449e-224
1.46592e-224
1.35617e-224
1.2546e-224
1.1606e-224
1.07361e-224
9.93101e-225
9.18601e-225
8.49661e-225
7.85869e-225
7.26842e-225
6.72227e-225
6.21694e-225
5.74941e-225
5.31686e-225
4.91669e-225
4.54649e-225
4.20402e-225
3.88722e-225
3.59417e-225
3.3231e-225
3.07238e-225
2.84048e-225
2.62599e-225
2.42762e-225
2.24417e-225
2.0745e-225
1.9176e-225
1.77251e-225
1.63834e-225
1.51428e-225
1.39957e-225
1.2935e-225
1.19543e-225
1.10476e-225
1.02094e-225
9.43439e-226
8.71796e-226
8.05567e-226
7.44345e-226
6.87753e-226
6.35443e-226
5.87092e-226
5.42402e-226
5.01098e-226
4.62923e-226
4.27643e-226
3.95039e-226
3.64908e-226
3.37065e-226
3.11336e-226
2.87561e-226
2.65594e-226
2.45296e-226
2.26542e-226
2.09215e-226
1.93207e-226
1.78418e-226
1.64756e-226
1.52135e-226
1.40476e-226
1.29706e-226
1.19759e-226
1.1057e-226
1.02083e-226
9.42447e-227
8.70053e-227
8.03193e-227
7.41447e-227
6.84425e-227
6.31769e-227
5.83144e-227
5.38245e-227
4.96786e-227
4.58506e-227
4.23162e-227
3.90529e-227
3.60402e-227
3.32588e-227
3.0691e-227
2.83206e-227
2.61324e-227
2.41125e-227
2.2248e-227
2.0527e-227
1.89386e-227
1.74724e-227
1.61193e-227
1.48705e-227
1.3718e-227
1.26544e-227
1.16729e-227
1.07671e-227
9.93137e-228
9.16018e-228
8.4486e-228
7.79205e-228
7.18629e-228
6.62741e-228
6.11179e-228
5.63611e-228
5.19729e-228
4.79248e-228
4.41906e-228
4.0746e-228
3.75687e-228
3.46381e-228
3.1935e-228
2.9442e-228
2.71427e-228
2.50222e-228
2.30666e-228
2.12631e-228
1.96001e-228
1.80665e-228
1.66524e-228
1.53485e-228
1.41462e-228
1.30377e-228
1.20157e-228
1.10734e-228
1.02047e-228
9.40389e-229
8.66562e-229
7.98505e-229
7.3577e-229
6.77942e-229
6.24639e-229
5.75509e-229
5.30227e-229
4.88491e-229
4.50027e-229
4.14578e-229
3.8191e-229
3.51804e-229
3.24062e-229
2.98498e-229
2.74941e-229
2.53236e-229
2.33237e-229
2.14811e-229
1.97834e-229
1.82193e-229
1.67783e-229
1.54508e-229
1.42279e-229
1.31014e-229
1.20636e-229
1.11078e-229
1.02273e-229
9.41637e-230
8.66944e-230
7.98151e-230
7.34793e-230
6.76444e-230
6.22709e-230
5.73224e-230
5.27655e-230
4.85694e-230
4.47055e-230
4.11478e-230
3.78719e-230
3.48558e-230
3.20789e-230
2.95223e-230
2.71686e-230
2.50018e-230
2.3007e-230
2.11708e-230
1.94805e-230
1.79246e-230
1.64925e-230
1.51743e-230
1.3961e-230
1.28443e-230
1.18166e-230
1.08708e-230
1.00004e-230
9.19935e-231
8.46223e-231
7.78393e-231
7.15978e-231
6.58548e-231
6.05705e-231
5.57085e-231
5.12352e-231
4.71196e-231
4.33333e-231
3.985e-231
3.66455e-231
3.36977e-231
3.09861e-231
2.84918e-231
2.61974e-231
2.40871e-231
2.21461e-231
2.03609e-231
1.8719e-231
1.7209e-231
1.58203e-231
1.45432e-231
1.33688e-231
1.22888e-231
1.12958e-231
1.03827e-231
9.54305e-232
8.77107e-232
8.06129e-232
7.40873e-232
6.80878e-232
6.25722e-232
5.75016e-232
5.28403e-232
4.85554e-232
4.46166e-232
4.09961e-232
3.76682e-232
3.46094e-232
3.1798e-232
2.92141e-232
2.68393e-232
2.46568e-232
2.26511e-232
2.0808e-232
1.91142e-232
1.75577e-232
1.61276e-232
1.48134e-232
1.36059e-232
1.24965e-232
1.14772e-232
1.05407e-232
9.68031e-233
8.88989e-233
8.16377e-233
7.49672e-233
6.88397e-233
6.32112e-233
5.8041e-233
5.32922e-233
4.89304e-233
4.49242e-233
4.12448e-233
3.78656e-233
3.47622e-233
3.19122e-233
2.92949e-233
2.68915e-233
2.46846e-233
2.2658e-233
2.07973e-233
1.90887e-233
1.752e-233
1.60797e-233
1.47574e-233
1.35434e-233
1.24289e-233
1.14058e-233
1.04666e-233
9.60441e-234
8.813e-234
8.08656e-234
7.41977e-234
6.80776e-234
6.24605e-234
5.73051e-234
5.25736e-234
4.82314e-234
4.42464e-234
4.05895e-234
3.72337e-234
3.41544e-234
3.13288e-234
2.8736e-234
2.63571e-234
2.41744e-234
2.21718e-234
2.03344e-234
1.86488e-234
1.71024e-234
1.56838e-234
1.43824e-234
1.31886e-234
1.20935e-234
1.1089e-234
1.01677e-234
9.32259e-235
8.5475e-235
7.83662e-235
7.18465e-235
6.58672e-235
6.03838e-235
5.53552e-235
5.07439e-235
4.65153e-235
4.26379e-235
3.90825e-235
3.58225e-235
3.28335e-235
3.00929e-235
2.75803e-235
2.52768e-235
2.3165e-235
2.12289e-235
1.94541e-235
1.78272e-235
1.63358e-235
1.49688e-235
1.37157e-235
1.25672e-235
1.15145e-235
1.05497e-235
9.66545e-236
8.85504e-236
8.11235e-236
7.43173e-236
6.80801e-236
6.23645e-236
5.71271e-236
5.23281e-236
4.79307e-236
4.39016e-236
4.02101e-236
3.68278e-236
3.37291e-236
3.08902e-236
2.82894e-236
2.59068e-236
2.37242e-236
2.17248e-236
1.98934e-236
1.82158e-236
1.66792e-236
1.52718e-236
1.39827e-236
1.28021e-236
1.17208e-236
1.07305e-236
9.82359e-237
8.99308e-237
8.23255e-237
7.53611e-237
6.89839e-237
6.31445e-237
5.77977e-237
5.29021e-237
4.84198e-237
4.4316e-237
4.05588e-237
3.71191e-237
3.39701e-237
3.10873e-237
2.84484e-237
2.60327e-237
2.38215e-237
2.17975e-237
1.99448e-237
1.82491e-237
1.66971e-237
1.52766e-237
1.39766e-237
1.27868e-237
1.1698e-237
1.07016e-237
9.78974e-238
8.95535e-238
8.19184e-238
7.49321e-238
6.85396e-238
6.26907e-238
5.73392e-238
5.24431e-238
4.79636e-238
4.38655e-238
4.01164e-238
3.66867e-238
3.35492e-238
3.06792e-238
2.80539e-238
2.56525e-238
2.3456e-238
2.1447e-238
1.96094e-238
1.79288e-238
1.63918e-238
1.49861e-238
1.37006e-238
1.25249e-238
1.14499e-238
1.04668e-238
9.56782e-239
8.74583e-239
7.99422e-239
7.307e-239
6.67867e-239
6.10419e-239
5.57897e-239
5.09879e-239
4.65981e-239
4.25851e-239
3.89165e-239
3.5563e-239
3.24975e-239
2.96954e-239
2.71341e-239
2.47931e-239
2.26534e-239
2.06978e-239
1.89104e-239
1.7277e-239
1.57841e-239
1.44199e-239
1.31732e-239
1.20339e-239
1.09929e-239
1.00416e-239
9.17239e-240
8.37819e-240
7.65253e-240
6.98953e-240
6.38379e-240
5.83038e-240
5.3248e-240
4.86292e-240
4.44098e-240
4.05554e-240
3.70344e-240
3.38182e-240
3.08805e-240
2.81971e-240
2.57462e-240
2.35076e-240
2.14631e-240
1.95959e-240
1.78906e-240
1.63332e-240
1.4911e-240
1.36123e-240
1.24263e-240
1.13433e-240
1.03545e-240
9.45154e-241
8.62711e-241
7.87436e-241
7.1871e-241
6.55964e-241
5.98679e-241
5.46381e-241
4.98638e-241
4.55054e-241
4.15268e-241
3.7895e-241
3.45799e-241
3.15539e-241
2.87919e-241
2.62709e-241
2.397e-241
2.187e-241
1.99535e-241
1.82043e-241
1.66081e-241
1.51514e-241
1.38221e-241
1.2609e-241
1.15021e-241
1.04921e-241
9.57052e-242
8.72964e-242
7.96241e-242
7.26242e-242
6.62378e-242
6.04113e-242
5.50959e-242
5.02467e-242
4.5823e-242
4.17877e-242
3.81067e-242
3.4749e-242
3.16862e-242
2.88926e-242
2.63446e-242
2.40206e-242
2.19011e-242
1.9968e-242
1.8205e-242
1.65972e-242
1.51311e-242
1.3794e-242
1.25748e-242
1.1463e-242
1.04492e-242
9.52479e-243
8.68195e-243
7.91347e-243
7.21281e-243
6.57401e-243
5.99162e-243
5.46068e-243
4.97665e-243
4.53539e-243
4.13315e-243
3.76648e-243
3.43225e-243
3.12759e-243
2.8499e-243
2.59679e-243
2.36609e-243
2.15583e-243
1.9642e-243
1.78956e-243
1.6304e-243
1.48536e-243
1.35318e-243
1.23273e-243
1.12297e-243
1.02296e-243
9.31826e-244
8.4879e-244
7.73133e-244
7.042e-244
6.41396e-244
5.84177e-244
5.32048e-244
4.84558e-244
4.41295e-244
4.01883e-244
3.65982e-244
3.33278e-244
3.03489e-244
2.76355e-244
2.5164e-244
2.29129e-244
2.08627e-244
1.89954e-244
1.72947e-244
1.57459e-244
1.43354e-244
1.30509e-244
1.18812e-244
1.0816e-244
9.84604e-245
8.96284e-245
8.15864e-245
7.4264e-245
6.75969e-245
6.15268e-245
5.60002e-245
5.09687e-245
4.6388e-245
4.22178e-245
3.84216e-245
3.49657e-245
3.18198e-245
2.89562e-245
2.63496e-245
2.3977e-245
2.18175e-245
1.98519e-245
1.80629e-245
1.64347e-245
1.49529e-245
1.36043e-245
1.2377e-245
1.12601e-245
1.02438e-245
9.3189e-246
8.4773e-246
7.71151e-246
7.01471e-246
6.3807e-246
5.80383e-246
5.27899e-246
4.80147e-246
4.36704e-246
3.9718e-246
3.61224e-246
3.28515e-246
2.98759e-246
2.71691e-246
2.47069e-246
2.24673e-246
2.04301e-246
1.85772e-246
1.68918e-246
1.5359e-246
1.39649e-246
1.2697e-246
1.15439e-246
1.04952e-246
9.54155e-247
8.67433e-247
7.88572e-247
7.16861e-247
6.51655e-247
5.92364e-247
5.38454e-247
4.89437e-247
4.4487e-247
4.04351e-247
3.67513e-247
3.34022e-247
3.03575e-247
2.75896e-247
2.50734e-247
2.27861e-247
2.07069e-247
1.8817e-247
1.70991e-247
1.55376e-247
1.41183e-247
1.28284e-247
1.1656e-247
1.05905e-247
9.62209e-248
8.74203e-248
7.94226e-248
7.21547e-248
6.55501e-248
5.95485e-248
5.4095e-248
4.91397e-248
4.46371e-248
4.0546e-248
3.68289e-248
3.34517e-248
3.03835e-248
2.75959e-248
2.50634e-248
2.27627e-248
2.06727e-248
1.87741e-248
1.70494e-248
1.54828e-248
1.40597e-248
1.27671e-248
1.15931e-248
1.05267e-248
9.5582e-249
8.67857e-249
7.87968e-249
7.15414e-249
6.49524e-249
5.89688e-249
5.3535e-249
4.86006e-249
4.41199e-249
4.00513e-249
3.63569e-249
3.30024e-249
2.99567e-249
2.71914e-249
2.46807e-249
2.24012e-249
2.03317e-249
1.8453e-249
1.67474e-249
1.51991e-249
1.37935e-249
1.25177e-249
1.13595e-249
1.03082e-249
9.35402e-250
8.48791e-250
7.70181e-250
6.98832e-250
6.34077e-250
5.75308e-250
5.21972e-250
4.73569e-250
4.29643e-250
3.89782e-250
3.5361e-250
3.20786e-250
2.91002e-250
2.63976e-250
2.39454e-250
2.17205e-250
1.97018e-250
1.78702e-250
1.62086e-250
1.4701e-250
1.33333e-250
1.20926e-250
1.0967e-250
9.94595e-251
9.01973e-251
8.17956e-251
7.41746e-251
6.72619e-251
6.09919e-251
5.5305e-251
5.0147e-251
4.5469e-251
4.12263e-251
3.73785e-251
3.3889e-251
3.07245e-251
2.78548e-251
2.52524e-251
2.28927e-251
2.07529e-251
1.88126e-251
1.70533e-251
1.54582e-251
1.40119e-251
1.27005e-251
1.15117e-251
1.04338e-251
9.45665e-252
8.57078e-252
7.7677e-252
7.03969e-252
6.37975e-252
5.78153e-252
5.23927e-252
4.74776e-252
4.30224e-252
3.89843e-252
3.53244e-252
3.20073e-252
2.90009e-252
2.62762e-252
2.3807e-252
2.15692e-252
1.95413e-252
1.77036e-252
1.60383e-252
1.45293e-252
1.31619e-252
1.1923e-252
1.08004e-252
9.78321e-253
8.86163e-253
8.02665e-253
7.27018e-253
6.58483e-253
5.96393e-253
5.40145e-253
4.8919e-253
4.4303e-253
4.01216e-253
3.6334e-253
3.29031e-253
2.97954e-253
2.69806e-253
2.44311e-253
2.21219e-253
2.00305e-253
1.81364e-253
1.6421e-253
1.48674e-253
1.34605e-253
1.21864e-253
1.10327e-253
9.98793e-254
9.04188e-254
8.18523e-254
7.40956e-254
6.70723e-254
6.07133e-254
5.49557e-254
4.97429e-254
4.50235e-254
4.07508e-254
3.68827e-254
3.33809e-254
3.02108e-254
2.73412e-254
2.47435e-254
2.2392e-254
2.02635e-254
1.83369e-254
1.65931e-254
1.50147e-254
1.35861e-254
1.22932e-254
1.1123e-254
1.0064e-254
9.10552e-255
8.23817e-255
7.45325e-255
6.74295e-255
6.10019e-255
5.51857e-255
4.99228e-255
4.51607e-255
4.08518e-255
3.69532e-255
3.34258e-255
3.02343e-255
2.73469e-255
2.47347e-255
2.23714e-255
2.02335e-255
1.82994e-255
1.65497e-255
1.4967e-255
1.35354e-255
1.22403e-255
1.10689e-255
1.00094e-255
9.05107e-256
8.18429e-256
7.40034e-256
6.69131e-256
6.05007e-256
5.47015e-256
4.94569e-256
4.47141e-256
4.04252e-256
3.65467e-256
3.30395e-256
2.98682e-256
2.70006e-256
2.44078e-256
2.20634e-256
1.99437e-256
1.80272e-256
1.62945e-256
1.47279e-256
1.33117e-256
1.20313e-256
1.08738e-256
9.82748e-257
8.8816e-257
8.02656e-257
7.25367e-257
6.55504e-257
5.92355e-257
5.35277e-257
4.83687e-257
4.37059e-257
3.94916e-257
3.56829e-257
3.22406e-257
2.91298e-257
2.63185e-257
2.37779e-257
2.1482e-257
1.94074e-257
1.75327e-257
1.58387e-257
1.4308e-257
1.2925e-257
1.16753e-257
1.05463e-257
9.52615e-258
8.6045e-258
7.77184e-258
7.01958e-258
6.33999e-258
5.72605e-258
5.17144e-258
4.67043e-258
4.21786e-258
3.80906e-258
3.43979e-258
3.10625e-258
2.80499e-258
2.53288e-258
2.28711e-258
2.06514e-258
1.86467e-258
1.68362e-258
1.52012e-258
1.37245e-258
1.23911e-258
1.11869e-258
1.00995e-258
9.11759e-259
8.23095e-259
7.43035e-259
6.70746e-259
6.05476e-259
5.46544e-259
4.93337e-259
4.45298e-259
4.01928e-259
3.62774e-259
3.27425e-259
2.95515e-259
2.66708e-259
2.40703e-259
2.17229e-259
1.96039e-259
1.76912e-259
1.59648e-259
1.44064e-259
1.29999e-259
1.17305e-259
1.05847e-259
9.55064e-260
8.61739e-260
7.77515e-260
7.01506e-260
6.32913e-260
5.71014e-260
5.15156e-260
4.64751e-260
4.19268e-260
3.78228e-260
3.41196e-260
3.07784e-260
2.77636e-260
2.50436e-260
2.25895e-260
2.03754e-260
1.8378e-260
1.65759e-260
1.49502e-260
1.34836e-260
1.21606e-260
1.09672e-260
9.8906e-261
8.91952e-261
8.04359e-261
7.25351e-261
6.54088e-261
5.89813e-261
5.31841e-261
4.79557e-261
4.32402e-261
3.89875e-261
3.51522e-261
3.16934e-261
2.85743e-261
2.57616e-261
2.32252e-261
2.09381e-261
1.88757e-261
1.70161e-261
1.53393e-261
1.38274e-261
1.24643e-261
1.12353e-261
1.01272e-261
9.12821e-262
8.22756e-262
7.41561e-262
6.68363e-262
6.02376e-262
5.42892e-262
4.8927e-262
4.40934e-262
3.97364e-262
3.58092e-262
3.22693e-262
2.90786e-262
2.62029e-262
2.3611e-262
2.1275e-262
1.91696e-262
1.72722e-262
1.55623e-262
1.40213e-262
1.26326e-262
1.13812e-262
1.02535e-262
9.23734e-263
8.32169e-263
7.49663e-263
6.75322e-263
6.08339e-263
5.47987e-263
4.93611e-263
4.4462e-263
4.00483e-263
3.60719e-263
3.24895e-263
2.92623e-263
2.6355e-263
2.3736e-263
2.13768e-263
1.92516e-263
1.73373e-263
1.5613e-263
1.40599e-263
1.2661e-263
1.1401e-263
1.02662e-263
9.24407e-264
8.32355e-264
7.49453e-264
6.74792e-264
6.07554e-264
5.47004e-264
4.92478e-264
4.43376e-264
3.99161e-264
3.59347e-264
3.23497e-264
2.91217e-264
2.62152e-264
2.35982e-264
2.1242e-264
1.91207e-264
1.72107e-264
1.54912e-264
1.39432e-264
1.25496e-264
1.1295e-264
1.01657e-264
9.14899e-265
8.23381e-265
7.41001e-265
6.66848e-265
6.00102e-265
5.40024e-265
4.8595e-265
4.37281e-265
3.93477e-265
3.54053e-265
3.18572e-265
2.8664e-265
2.57903e-265
2.32042e-265
2.08769e-265
1.87826e-265
1.6898e-265
1.52022e-265
1.36763e-265
1.23032e-265
1.10678e-265
9.95614e-266
8.95597e-266
8.05609e-266
7.24647e-266
6.51807e-266
5.86275e-266
5.2732e-266
4.74282e-266
4.2657e-266
3.83648e-266
3.45038e-266
3.10307e-266
2.79065e-266
2.50963e-266
2.25686e-266
2.0295e-266
1.82501e-266
1.64108e-266
1.47566e-266
1.32688e-266
1.19308e-266
1.07274e-266
9.64522e-267
8.672e-267
7.79681e-267
7.00978e-267
6.30206e-267
5.66567e-267
5.09343e-267
4.57888e-267
4.11622e-267
3.70023e-267
3.3262e-267
2.98991e-267
2.68757e-267
2.41574e-267
2.17136e-267
1.95166e-267
1.75414e-267
1.57659e-267
1.41697e-267
1.27348e-267
1.1445e-267
1.02856e-267
9.24347e-268
8.30672e-268
7.46473e-268
6.70795e-268
6.02775e-268
5.41641e-268
4.86696e-268
4.37315e-268
3.92936e-268
3.53053e-268
3.1721e-268
2.85001e-268
2.56056e-268
2.30045e-268
2.06673e-268
1.85671e-268
1.66799e-268
1.49842e-268
1.34606e-268
1.20917e-268
1.08618e-268
9.75669e-269
8.76386e-269
7.87189e-269
7.07054e-269
6.35064e-269
5.7039e-269
5.12292e-269
4.60101e-269
4.13218e-269
3.71104e-269
3.33275e-269
2.99296e-269
2.68775e-269
2.41361e-269
2.16738e-269
1.94624e-269
1.74761e-269
1.56923e-269
1.40902e-269
1.26514e-269
1.13593e-269
1.01989e-269
9.15684e-270
8.22109e-270
7.3808e-270
6.62625e-270
5.94871e-270
5.34033e-270
4.79407e-270
4.30359e-270
3.86321e-270
3.46781e-270
3.11282e-270
2.79411e-270
2.50797e-270
2.25109e-270
2.02047e-270
1.81344e-270
1.62759e-270
1.46075e-270
1.31099e-270
1.17656e-270
1.05589e-270
9.4757e-271
8.50347e-271
7.63083e-271
6.84759e-271
6.14461e-271
5.51368e-271
4.94743e-271
4.43924e-271
3.98316e-271
3.57386e-271
3.20654e-271
2.87692e-271
2.58113e-271
2.3157e-271
2.07752e-271
1.86379e-271
1.67202e-271
1.49995e-271
1.34556e-271
1.20703e-271
1.08274e-271
9.71229e-272
8.71183e-272
7.81426e-272
7.00902e-272
6.28662e-272
5.63855e-272
5.05718e-272
4.53566e-272
4.06783e-272
3.64818e-272
3.27175e-272
2.9341e-272
2.63123e-272
2.35958e-272
2.11593e-272
1.8974e-272
1.7014e-272
1.52562e-272
1.36797e-272
1.22658e-272
1.09978e-272
9.86069e-273
8.84096e-273
7.92652e-273
7.10651e-273
6.37119e-273
5.71183e-273
5.12061e-273
4.59048e-273
4.11515e-273
3.68895e-273
3.30683e-273
2.96423e-273
2.65706e-273
2.38168e-273
2.13479e-273
1.91345e-273
1.71502e-273
1.53714e-273
1.37768e-273
1.23474e-273
1.1066e-273
9.9174e-274
8.88783e-274
7.96498e-274
7.13779e-274
6.39638e-274
5.73186e-274
5.13626e-274
4.60246e-274
4.12404e-274
3.69528e-274
3.31103e-274
2.96667e-274
2.65806e-274
2.38151e-274
2.13369e-274
1.91161e-274
1.71262e-274
1.5343e-274
1.37453e-274
1.23136e-274
1.10308e-274
9.88149e-275
8.85172e-275
7.92909e-275
7.10248e-275
6.36191e-275
5.69844e-275
5.10406e-275
4.57157e-275
4.09455e-275
3.66723e-275
3.28444e-275
2.94154e-275
2.63439e-275
2.35926e-275
2.11281e-275
1.89208e-275
1.69436e-275
1.51728e-275
1.35867e-275
1.21662e-275
1.0894e-275
9.75462e-276
8.73421e-276
7.82039e-276
7.00202e-276
6.26917e-276
5.6129e-276
5.02522e-276
4.49898e-276
4.02776e-276
3.60583e-276
3.22802e-276
2.88975e-276
2.58686e-276
2.31568e-276
2.07288e-276
1.8555e-276
1.66088e-276
1.48664e-276
1.33066e-276
1.19101e-276
1.066e-276
9.54091e-277
8.53912e-277
7.64236e-277
6.83963e-277
6.12109e-277
5.47793e-277
4.90224e-277
4.38696e-277
3.92576e-277
3.51298e-277
3.14353e-277
2.81288e-277
2.51695e-277
2.25211e-277
2.0151e-277
1.80299e-277
1.61318e-277
1.44332e-277
1.29131e-277
1.1553e-277
1.03358e-277
9.24675e-278
8.27225e-278
7.4003e-278
6.62012e-278
5.92207e-278
5.29752e-278
4.73873e-278
4.2388e-278
3.79153e-278
3.39139e-278
3.03341e-278
2.71317e-278
2.42668e-278
2.1704e-278
1.94115e-278
1.73607e-278
1.55263e-278
1.38854e-278
1.24177e-278
1.11049e-278
9.93073e-279
8.88049e-279
7.94116e-279
7.10105e-279
6.34968e-279
5.67769e-279
5.07672e-279
4.53927e-279
4.05863e-279
3.62881e-279
3.24445e-279
2.90073e-279
2.59338e-279
2.31854e-279
2.07279e-279
1.85305e-279
1.65657e-279
1.48089e-279
1.32382e-279
1.18338e-279
1.05782e-279
9.45564e-280
8.45203e-280
7.55478e-280
6.75264e-280
6.03555e-280
5.3945e-280
4.82144e-280
4.30917e-280
3.85125e-280
3.44192e-280
3.07603e-280
2.74898e-280
2.45666e-280
2.19538e-280
1.96184e-280
